2.168584501561146016e+00
2.233579313068602357e+00
2.212113083783716405e+00
2.179101140304322559e+00
2.180327616384089229e+00
2.163769210684612254e+00
2.164246178841703117e+00
2.175804128330780962e+00
2.189764218275220831e+00
2.176133623050229282e+00
2.155276543789820032e+00
2.171561791029648081e+00
2.185897953857313336e+00
2.150102369805892533e+00
2.171274975590849809e+00
2.176190024913202681e+00
2.161613555289833233e+00
2.157110809733489010e+00
2.157548924688449166e+00
2.192582979615047556e+00
2.208114200099763558e+00
2.171492926163808068e+00
2.190127562323460619e+00
2.146031501612148062e+00
2.184511722936985478e+00
2.196416291547558242e+00
2.202375328149014599e+00
2.183616987884657856e+00
2.181863151251842936e+00
2.177167087115036370e+00
2.155342734202034816e+00
2.153139543826223523e+00
2.162414103462759751e+00
2.212839220884986080e+00
2.162030801790661094e+00
2.185073365117965682e+00
2.169478200126395251e+00
2.166577829804622990e+00
2.188746307297773974e+00
2.195018749997226681e+00
2.162926745207969237e+00
2.179089706002232951e+00
2.190715644258751649e+00
2.176557217497224084e+00
2.179179322463097090e+00
2.133039102497825024e+00
2.177423826826412778e+00
2.214877450027478822e+00
2.166678652168045893e+00
2.196099091450994578e+00
2.184613478477727355e+00
2.167482483166127682e+00
2.176746119194888696e+00
2.167651209281644675e+00
2.161387639120099013e+00
2.161789226452230928e+00
2.194289934133174302e+00
2.195821980845602095e+00
2.192091935992410257e+00
2.159120517722041832e+00
2.181907920016010749e+00
2.172220828550193605e+00
2.151390246488853020e+00
2.174912639697520245e+00
