2.171296964537239749e+00
2.188126767496954006e+00
2.187610432910978453e+00
2.198318529775553642e+00
2.167614296897133475e+00
2.221739378420611644e+00
2.200631460211119439e+00
2.161500706151500140e+00
2.195452932569746718e+00
2.173516136632646312e+00
2.197657120476558479e+00
2.180824627334242649e+00
2.222750209736850113e+00
2.171374242006597122e+00
2.176183673561824961e+00
2.186256093902377629e+00
2.260913156003324431e+00
2.189359551085183320e+00
2.185678685188806369e+00
2.200834897648370703e+00
2.196860793680956991e+00
2.171015832925468292e+00
2.256392296547794274e+00
2.145442930965340000e+00
2.181550228435501282e+00
2.139398016472870978e+00
2.207857741595213419e+00
2.194945494104017403e+00
2.168083757359407393e+00
2.173721096371382000e+00
2.190322079819224665e+00
2.172837550978919730e+00
2.214314045209698101e+00
2.216459705731327112e+00
2.185962579665780225e+00
2.207723078559525209e+00
2.182242501160364334e+00
2.237046397130096675e+00
2.165949064421694104e+00
2.192801794884722266e+00
2.162633408630049825e+00
2.197233024760064435e+00
2.179967394612161602e+00
2.174088939495350647e+00
2.156650734172043116e+00
2.173219396457552577e+00
2.174747092017986994e+00
2.159374260235807252e+00
2.224904841952488166e+00
2.225520208251410725e+00
2.166840468404913178e+00
2.174389730863791392e+00
2.223932186465127803e+00
2.164077966331011016e+00
2.163924828877242135e+00
2.172123562827957155e+00
2.215434302800722843e+00
2.216707266603704429e+00
2.204554879768375386e+00
2.195189374800928128e+00
2.195399220527948003e+00
2.181852167384544572e+00
2.165714904674798991e+00
2.184505723808602085e+00
