2.161858138406660412e+00
2.212825228599925254e+00
2.177742379708586640e+00
2.167474261686685555e+00
2.159618702079673547e+00
2.178385197535182893e+00
2.196071598423375182e+00
2.182746688623496745e+00
2.222844692398683986e+00
2.184518191490860684e+00
2.180359518901439753e+00
2.190422076770700333e+00
2.199380830723200564e+00
2.169037956475427187e+00
2.169817895627092597e+00
2.199760082740342071e+00
2.163459534021633157e+00
2.169414212628977268e+00
2.178939409823157813e+00
2.182491996248191235e+00
2.151988727406558333e+00
2.188285903388123010e+00
2.163052532651558391e+00
2.185224007410907276e+00
2.207766604944013000e+00
2.186865617843186449e+00
2.160634505606811473e+00
2.206839513470191694e+00
2.155399987594829980e+00
2.203013127196823184e+00
2.218184917741039097e+00
2.168217529769744800e+00
2.176596426891012737e+00
2.196304679099613466e+00
2.196614872831263998e+00
2.205704245156107746e+00
2.204711774929699164e+00
2.147595150235229511e+00
2.162937481694774178e+00
2.207848451561134517e+00
2.191628848864078272e+00
2.183253668635160682e+00
2.145328536532684627e+00
2.176398985995182223e+00
2.164376923964718813e+00
2.172980300937169762e+00
2.206927855844703412e+00
2.202032029909294586e+00
2.167816691808714946e+00
2.189584493704874735e+00
2.165382927642620636e+00
2.207918197817317463e+00
2.176873364199675365e+00
2.196108291999268047e+00
2.171502372937803571e+00
2.211561176727211642e+00
2.179001537196816329e+00
2.190250358167022515e+00
2.149622037273339448e+00
2.186790394325461850e+00
2.175578587674132258e+00
2.139672962612510165e+00
2.161326911051915545e+00
2.195223376370264212e+00
