2.203682152760698454e+00
2.196762028317999160e+00
2.156431004489411052e+00
2.186443468710436822e+00
2.167126090243579384e+00
2.183939765179435888e+00
2.162141177806704562e+00
2.223693849959978763e+00
2.147569520945257437e+00
2.191789639020448099e+00
2.163949684505118043e+00
2.144865266397345760e+00
2.195153209120435989e+00
2.163942781003166616e+00
2.174866740488232697e+00
2.175322021542093420e+00
2.184688562531939660e+00
2.205978385494899108e+00
2.157358310142829971e+00
2.155346105701007264e+00
2.191599968095395923e+00
2.174032046075433211e+00
2.164137678200228176e+00
2.169670108143644249e+00
2.163684819383641322e+00
2.181268360628997094e+00
2.161643798356545965e+00
2.215982501404073268e+00
2.194385692618168182e+00
2.169994181974210345e+00
2.182656590586174783e+00
2.140809124668343610e+00
2.205895915176912858e+00
2.189544017245387053e+00
2.179733901213827707e+00
2.164000764220096240e+00
2.180180208790143848e+00
2.215218881475561119e+00
2.196482227281551403e+00
2.149988758087487017e+00
2.217428192763964745e+00
2.189463120743092794e+00
2.214346337451685187e+00
2.166017683829990048e+00
2.155662369034301751e+00
2.167650490515701911e+00
2.199797421374900086e+00
2.129000315007246069e+00
2.224449195372889765e+00
2.181493897491868950e+00
2.166173139814184356e+00
2.193038103181860876e+00
2.152545594223238545e+00
2.221273387378561281e+00
2.166688045572645827e+00
2.199372161772602752e+00
2.169402269492294533e+00
2.172605952650596084e+00
2.181029937744367597e+00
2.169456182311171322e+00
2.186426164910008296e+00
2.177625211473556810e+00
2.164673802102422773e+00
2.225595261334602615e+00
