0.000000000000000000e+00
0.000000000000000000e+00
0.000000000000000000e+00
0.000000000000000000e+00
0.000000000000000000e+00
0.000000000000000000e+00
0.000000000000000000e+00
0.000000000000000000e+00
0.000000000000000000e+00
0.000000000000000000e+00
0.000000000000000000e+00
0.000000000000000000e+00
0.000000000000000000e+00
0.000000000000000000e+00
0.000000000000000000e+00
0.000000000000000000e+00
0.000000000000000000e+00
0.000000000000000000e+00
0.000000000000000000e+00
0.000000000000000000e+00
0.000000000000000000e+00
0.000000000000000000e+00
0.000000000000000000e+00
0.000000000000000000e+00
0.000000000000000000e+00
6.933593749999999653e-03
8.300781250000000000e-03
7.421874999999999653e-03
8.007812499999999306e-03
9.667968750000000347e-03
9.570312500000000694e-03
1.113281250000000035e-02
9.863281249999999653e-03
1.025390625000000000e-02
1.289062499999999931e-02
1.318359375000000000e-02
1.416015625000000000e-02
1.406250000000000035e-02
1.718750000000000139e-02
1.533203124999999931e-02
1.738281250000000069e-02
1.396484375000000069e-02
1.708984375000000000e-02
2.080078125000000069e-02
1.943359374999999861e-02
1.874999999999999931e-02
1.992187499999999861e-02
2.216796874999999931e-02
2.558593749999999931e-02
2.314453124999999931e-02
2.333984374999999861e-02
2.294921875000000000e-02
2.568359375000000069e-02
2.636718750000000000e-02
2.812500000000000069e-02
2.470703125000000069e-02
2.802734374999999931e-02
2.841796875000000139e-02
2.910156250000000069e-02
3.300781249999999722e-02
2.978515625000000000e-02
2.929687500000000000e-02
3.115234374999999861e-02
3.632812500000000278e-02
3.720703125000000139e-02
3.417968750000000000e-02
3.671875000000000139e-02
3.945312499999999861e-02
4.140624999999999861e-02
4.062500000000000139e-02
4.042968749999999861e-02
4.208984375000000139e-02
4.023437500000000278e-02
4.433593749999999861e-02
4.472656249999999722e-02
4.453125000000000139e-02
4.638671875000000000e-02
4.902343750000000278e-02
5.058593749999999722e-02
4.960937499999999722e-02
4.863281249999999722e-02
5.039062500000000139e-02
5.361328124999999861e-02
5.537109375000000278e-02
5.605468749999999861e-02
5.546874999999999722e-02
5.722656250000000139e-02
6.201171875000000000e-02
5.566406250000000000e-02
5.625000000000000139e-02
5.888671874999999722e-02
5.996093749999999861e-02
6.015625000000000139e-02
6.572265624999999722e-02
6.542968750000000000e-02
6.669921874999999722e-02
6.972656250000000555e-02
6.806640625000000278e-02
7.021484375000000555e-02
6.669921874999999722e-02
6.894531249999999445e-02
6.562500000000000278e-02
7.402343749999999722e-02
7.294921875000000278e-02
7.900390625000000555e-02
7.402343749999999722e-02
7.744140624999999722e-02
7.636718750000000278e-02
8.427734374999999722e-02
7.783203125000000278e-02
8.017578124999999445e-02
8.369140625000000278e-02
8.212890624999999445e-02
8.564453125000000278e-02
8.457031249999999445e-02
8.701171874999999445e-02
8.710937500000000278e-02
8.740234375000000000e-02
8.613281250000000278e-02
9.511718750000000555e-02
9.013671874999999722e-02
8.759765625000000278e-02
8.583984375000000555e-02
9.511718750000000555e-02
9.873046874999999445e-02
9.208984374999999722e-02
9.570312500000000000e-02
9.560546875000000555e-02
1.014648437500000056e-01
9.716796875000000000e-02
1.003906249999999972e-01
1.010742187500000000e-01
1.000976562500000000e-01
1.008789062499999972e-01
1.026367187499999944e-01
9.492187500000000278e-02
1.085937500000000028e-01
9.970703124999999445e-02
1.052734374999999972e-01
1.029296875000000056e-01
1.051757812500000028e-01
1.046875000000000028e-01
1.045898437499999944e-01
1.046875000000000028e-01
1.118164062500000000e-01
1.142578125000000000e-01
1.146484375000000056e-01
1.075195312499999944e-01
1.104492187499999944e-01
1.059570312500000000e-01
1.099609374999999944e-01
1.149414062500000028e-01
1.181640625000000000e-01
1.154296875000000028e-01
1.180664062500000056e-01
1.138671874999999944e-01
1.177734374999999944e-01
1.198242187500000028e-01
1.210937500000000000e-01
1.228515624999999972e-01
1.175781250000000056e-01
1.163085937499999944e-01
1.194335937499999972e-01
1.258789062500000056e-01
1.162109375000000000e-01
1.179687499999999972e-01
1.226562499999999944e-01
1.196289062500000000e-01
1.194335937499999972e-01
1.295898437499999889e-01
1.196289062500000000e-01
1.259765625000000000e-01
1.209960937500000056e-01
1.281249999999999889e-01
1.247070312500000028e-01
1.295898437499999889e-01
1.281249999999999889e-01
1.266601562499999889e-01
1.256835937499999889e-01
1.286132812499999889e-01
1.341796875000000056e-01
1.286132812499999889e-01
1.341796875000000056e-01
1.351562500000000056e-01
1.273437500000000056e-01
1.333984374999999944e-01
1.296875000000000111e-01
1.273437500000000056e-01
1.321289062500000111e-01
1.360351562500000111e-01
1.291992187500000111e-01
1.355468750000000111e-01
1.359374999999999889e-01
1.378906249999999889e-01
1.293945312500000000e-01
1.376953125000000000e-01
1.306640625000000111e-01
1.322265625000000056e-01
1.333007812500000000e-01
1.351562500000000056e-01
1.305664062499999889e-01
1.400390625000000056e-01
1.325195312499999889e-01
1.390625000000000056e-01
1.379882812500000111e-01
1.399414062500000111e-01
1.311523437500000111e-01
1.342773437500000000e-01
1.333007812500000000e-01
1.366210937500000056e-01
1.335937500000000111e-01
1.431640624999999944e-01
1.375000000000000111e-01
1.326171875000000111e-01
1.343749999999999944e-01
1.314453124999999944e-01
1.395507812500000056e-01
1.451171874999999944e-01
1.376953125000000000e-01
1.366210937500000056e-01
1.372070312500000000e-01
1.290039062499999944e-01
1.444335937500000056e-01
1.395507812500000056e-01
1.429687500000000056e-01
1.421874999999999944e-01
1.335937500000000111e-01
1.396484375000000000e-01
1.355468750000000111e-01
1.373046874999999944e-01
1.323242187500000000e-01
1.376953125000000000e-01
1.339843749999999889e-01
1.381835937500000000e-01
1.340820312500000111e-01
1.339843749999999889e-01
1.339843749999999889e-01
1.417968749999999889e-01
1.353515624999999944e-01
1.352539062500000000e-01
1.358398437499999944e-01
1.336914062500000056e-01
1.380859375000000056e-01
1.357421875000000000e-01
1.302734375000000056e-01
1.338867187499999944e-01
1.355468750000000111e-01
1.325195312499999889e-01
1.391601562500000000e-01
1.362304687500000000e-01
1.334960937499999889e-01
1.286132812499999889e-01
1.394531250000000111e-01
1.300781249999999889e-01
1.311523437500000111e-01
1.355468750000000111e-01
1.346679687500000056e-01
1.346679687500000056e-01
1.335937500000000111e-01
1.312500000000000056e-01
1.346679687500000056e-01
1.335937500000000111e-01
1.336914062500000056e-01
1.401367187500000000e-01
1.305664062499999889e-01
1.306640625000000111e-01
1.299804687499999944e-01
1.289062500000000000e-01
1.280273437499999944e-01
1.331054687500000111e-01
1.266601562499999889e-01
1.292968750000000056e-01
1.305664062499999889e-01
1.268554687500000056e-01
1.267578125000000111e-01
1.285156249999999944e-01
1.277343750000000111e-01
1.279296875000000000e-01
1.230468750000000000e-01
1.250976562499999944e-01
1.282226562500000111e-01
1.299804687499999944e-01
1.264648437500000000e-01
1.281249999999999889e-01
1.256835937499999889e-01
1.257812500000000111e-01
1.226562499999999944e-01
1.214843750000000056e-01
1.247070312500000028e-01
1.246093749999999944e-01
1.291992187500000111e-01
1.224609375000000056e-01
1.179687499999999972e-01
1.268554687500000056e-01
1.245117187500000000e-01
1.253906250000000056e-01
1.213867187499999972e-01
1.252929687500000111e-01
1.281249999999999889e-01
1.205078125000000056e-01
1.234375000000000056e-01
1.211914062499999944e-01
1.256835937499999889e-01
1.212890625000000028e-01
1.194335937499999972e-01
1.180664062500000056e-01
1.158203124999999944e-01
1.144531250000000028e-01
1.177734374999999944e-01
1.259765625000000000e-01
1.176757812500000000e-01
1.228515624999999972e-01
1.181640625000000000e-01
1.133789062499999944e-01
1.209960937500000056e-01
1.228515624999999972e-01
1.210937500000000000e-01
1.223632812499999972e-01
1.241210937499999944e-01
1.128906249999999944e-01
1.184570312499999972e-01
1.261718749999999889e-01
1.195312500000000056e-01
1.171875000000000000e-01
1.170898437500000056e-01
1.139648437500000028e-01
1.208984374999999972e-01
1.178710937500000028e-01
1.155273437499999972e-01
1.175781250000000056e-01
1.131835937500000056e-01
1.166015625000000056e-01
1.166992187500000000e-01
1.170898437500000056e-01
1.165039062499999972e-01
1.151367187500000056e-01
1.232421875000000028e-01
1.179687499999999972e-01
1.191406250000000000e-01
1.169921874999999972e-01
1.120117187500000028e-01
1.107421875000000056e-01
1.096679687499999972e-01
1.179687499999999972e-01
1.173828125000000028e-01
1.185546875000000056e-01
1.109374999999999944e-01
1.060546874999999944e-01
1.200195312500000056e-01
1.102539062500000056e-01
1.156250000000000056e-01
1.124023437499999944e-01
1.139648437500000028e-01
1.160156249999999972e-01
1.168945312500000028e-01
1.118164062500000000e-01
1.166015625000000056e-01
1.159179687500000028e-01
1.158203124999999944e-01
1.126953125000000056e-01
1.154296875000000028e-01
1.146484375000000056e-01
1.087890625000000056e-01
1.092773437500000056e-01
1.146484375000000056e-01
1.123046875000000000e-01
1.129882812500000028e-01
1.081054687500000028e-01
1.125976562499999972e-01
1.170898437500000056e-01
1.169921874999999972e-01
1.261718749999999889e-01
1.082031249999999972e-01
1.182617187499999944e-01
1.117187500000000056e-01
1.166015625000000056e-01
1.140624999999999972e-01
1.102539062500000056e-01
1.133789062499999944e-01
1.152343750000000000e-01
1.186523437500000000e-01
1.120117187500000028e-01
1.125976562499999972e-01
1.166015625000000056e-01
1.120117187500000028e-01
1.118164062500000000e-01
1.121093749999999972e-01
1.174804687499999972e-01
1.162109375000000000e-01
1.188476562500000028e-01
1.114257812499999944e-01
1.122070312500000056e-01
1.140624999999999972e-01
1.104492187499999944e-01
1.191406250000000000e-01
1.150390624999999972e-01
1.147460937500000000e-01
1.155273437499999972e-01
1.121093749999999972e-01
1.140624999999999972e-01
1.144531250000000028e-01
1.077148437499999972e-01
1.100585937500000028e-01
1.162109375000000000e-01
1.174804687499999972e-01
1.140624999999999972e-01
1.146484375000000056e-01
1.168945312500000028e-01
1.166992187500000000e-01
1.143554687499999944e-01
1.151367187500000056e-01
1.117187500000000056e-01
1.203125000000000028e-01
1.138671874999999944e-01
1.142578125000000000e-01
1.198242187500000028e-01
1.146484375000000056e-01
1.138671874999999944e-01
1.187499999999999944e-01
1.104492187499999944e-01
1.131835937500000056e-01
1.144531250000000028e-01
1.170898437500000056e-01
1.177734374999999944e-01
1.156250000000000056e-01
1.166992187500000000e-01
1.161132812500000056e-01
1.149414062500000028e-01
1.151367187500000056e-01
1.210937500000000000e-01
1.185546875000000056e-01
1.155273437499999972e-01
1.228515624999999972e-01
1.250976562499999944e-01
1.206054687500000000e-01
1.104492187499999944e-01
1.137695312500000000e-01
1.234375000000000056e-01
1.175781250000000056e-01
1.216796874999999944e-01
1.194335937499999972e-01
1.201171875000000000e-01
1.202148437499999944e-01
1.217773437500000028e-01
1.232421875000000028e-01
1.179687499999999972e-01
1.147460937500000000e-01
1.147460937500000000e-01
1.222656250000000028e-01
1.201171875000000000e-01
1.200195312500000056e-01
1.163085937499999944e-01
1.227539062500000028e-01
1.208984374999999972e-01
1.194335937499999972e-01
1.166992187500000000e-01
1.235351562500000000e-01
1.224609375000000056e-01
1.230468750000000000e-01
1.184570312499999972e-01
1.212890625000000028e-01
1.184570312499999972e-01
1.137695312500000000e-01
1.194335937499999972e-01
1.229492187500000056e-01
1.164062500000000028e-01
1.245117187500000000e-01
1.185546875000000056e-01
1.208007812500000028e-01
1.133789062499999944e-01
1.150390624999999972e-01
1.191406250000000000e-01
1.162109375000000000e-01
1.204101562499999972e-01
1.243164062499999972e-01
1.175781250000000056e-01
1.210937500000000000e-01
1.218749999999999972e-01
1.215820312500000000e-01
1.189453124999999972e-01
1.200195312500000056e-01
1.241210937499999944e-01
1.275390624999999944e-01
1.241210937499999944e-01
1.209960937500000056e-01
1.167968749999999944e-01
1.199218749999999972e-01
1.195312500000000056e-01
1.187499999999999944e-01
1.194335937499999972e-01
1.178710937500000028e-01
1.200195312500000056e-01
1.204101562499999972e-01
1.209960937500000056e-01
1.232421875000000028e-01
1.202148437499999944e-01
1.173828125000000028e-01
1.191406250000000000e-01
1.245117187500000000e-01
1.175781250000000056e-01
1.163085937499999944e-01
1.227539062500000028e-01
1.235351562500000000e-01
1.178710937500000028e-01
1.180664062500000056e-01
1.249023437500000056e-01
1.210937500000000000e-01
1.200195312500000056e-01
1.134765625000000028e-01
1.228515624999999972e-01
1.212890625000000028e-01
1.224609375000000056e-01
1.187499999999999944e-01
1.246093749999999944e-01
1.189453124999999972e-01
1.202148437499999944e-01
1.156250000000000056e-01
1.220703125000000000e-01
1.207031249999999944e-01
1.217773437500000028e-01
1.125976562499999972e-01
1.282226562500000111e-01
1.186523437500000000e-01
1.199218749999999972e-01
1.203125000000000028e-01
1.231445312499999944e-01
1.175781250000000056e-01
1.207031249999999944e-01
1.253906250000000056e-01
1.178710937500000028e-01
1.147460937500000000e-01
1.186523437500000000e-01
1.161132812500000056e-01
1.174804687499999972e-01
1.144531250000000028e-01
1.176757812500000000e-01
1.153320312499999944e-01
1.242187500000000028e-01
1.208007812500000028e-01
1.196289062500000000e-01
1.187499999999999944e-01
1.191406250000000000e-01
1.155273437499999972e-01
1.185546875000000056e-01
1.198242187500000028e-01
1.187499999999999944e-01
1.205078125000000056e-01
1.235351562500000000e-01
1.169921874999999972e-01
1.129882812500000028e-01
1.199218749999999972e-01
1.140624999999999972e-01
1.192382812499999944e-01
1.172851562499999944e-01
1.162109375000000000e-01
1.213867187499999972e-01
1.278320312500000056e-01
1.215820312500000000e-01
1.208007812500000028e-01
1.135742187499999972e-01
1.155273437499999972e-01
1.156250000000000056e-01
1.155273437499999972e-01
1.177734374999999944e-01
1.223632812499999972e-01
1.145507812499999972e-01
1.150390624999999972e-01
1.191406250000000000e-01
1.190429687500000056e-01
1.179687499999999972e-01
1.199218749999999972e-01
1.144531250000000028e-01
1.187499999999999944e-01
1.157226562500000000e-01
1.183593750000000028e-01
1.157226562500000000e-01
1.174804687499999972e-01
1.183593750000000028e-01
1.169921874999999972e-01
1.141601562500000056e-01
1.149414062500000028e-01
1.180664062500000056e-01
1.148437499999999944e-01
1.125000000000000028e-01
1.101562499999999972e-01
1.086914062499999972e-01
1.160156249999999972e-01
1.152343750000000000e-01
1.140624999999999972e-01
1.112304687500000056e-01
1.193359375000000028e-01
1.136718750000000056e-01
1.133789062499999944e-01
1.154296875000000028e-01
1.174804687499999972e-01
1.170898437500000056e-01
1.279296875000000000e-01
1.193359375000000028e-01
1.148437499999999944e-01
1.134765625000000028e-01
1.115234375000000028e-01
1.187499999999999944e-01
1.143554687499999944e-01
1.177734374999999944e-01
1.190429687500000056e-01
1.208984374999999972e-01
1.177734374999999944e-01
1.162109375000000000e-01
1.151367187500000056e-01
1.135742187499999972e-01
1.166015625000000056e-01
1.140624999999999972e-01
1.146484375000000056e-01
1.184570312499999972e-01
1.211914062499999944e-01
1.133789062499999944e-01
1.169921874999999972e-01
1.111328124999999972e-01
1.106445312499999972e-01
1.150390624999999972e-01
1.181640625000000000e-01
1.139648437500000028e-01
1.145507812499999972e-01
1.118164062500000000e-01
1.194335937499999972e-01
1.122070312500000056e-01
1.061523437500000028e-01
1.084960937499999944e-01
1.106445312499999972e-01
1.120117187500000028e-01
1.205078125000000056e-01
1.135742187499999972e-01
1.145507812499999972e-01
1.151367187500000056e-01
1.114257812499999944e-01
1.138671874999999944e-01
1.157226562500000000e-01
1.176757812500000000e-01
1.079101562500000000e-01
1.069335937500000000e-01
1.132812500000000000e-01
1.186523437500000000e-01
1.079101562500000000e-01
1.149414062500000028e-01
1.205078125000000056e-01
1.136718750000000056e-01
1.179687499999999972e-01
1.134765625000000028e-01
1.095703125000000028e-01
1.171875000000000000e-01
1.197265624999999944e-01
1.193359375000000028e-01
1.158203124999999944e-01
1.115234375000000028e-01
1.141601562500000056e-01
1.146484375000000056e-01
1.134765625000000028e-01
1.157226562500000000e-01
1.178710937500000028e-01
1.157226562500000000e-01
1.126953125000000056e-01
1.083007812500000056e-01
1.150390624999999972e-01
1.151367187500000056e-01
1.152343750000000000e-01
1.181640625000000000e-01
1.178710937500000028e-01
1.109374999999999944e-01
1.142578125000000000e-01
1.180664062500000056e-01
1.194335937499999972e-01
1.145507812499999972e-01
1.187499999999999944e-01
1.177734374999999944e-01
1.189453124999999972e-01
1.153320312499999944e-01
1.254882812500000000e-01
1.187499999999999944e-01
1.224609375000000056e-01
1.095703125000000028e-01
1.138671874999999944e-01
1.164062500000000028e-01
1.201171875000000000e-01
1.149414062500000028e-01
1.187499999999999944e-01
1.182617187499999944e-01
1.158203124999999944e-01
1.252929687500000111e-01
1.185546875000000056e-01
1.195312500000000056e-01
1.263671875000000056e-01
1.252929687500000111e-01
1.278320312500000056e-01
1.172851562499999944e-01
1.236328124999999944e-01
1.174804687499999972e-01
1.135742187499999972e-01
1.201171875000000000e-01
1.164062500000000028e-01
1.218749999999999972e-01
1.222656250000000028e-01
1.238281249999999972e-01
1.201171875000000000e-01
1.200195312500000056e-01
1.288085937500000056e-01
1.236328124999999944e-01
1.262695312500000111e-01
1.255859374999999944e-01
1.224609375000000056e-01
1.254882812500000000e-01
1.277343750000000111e-01
1.256835937499999889e-01
1.243164062499999972e-01
1.309570312499999944e-01
1.244140625000000056e-01
1.229492187500000056e-01
1.256835937499999889e-01
1.291015624999999889e-01
1.261718749999999889e-01
1.287109375000000111e-01
1.295898437499999889e-01
1.331054687500000111e-01
1.286132812499999889e-01
1.278320312500000056e-01
1.281249999999999889e-01
1.249023437500000056e-01
1.295898437499999889e-01
1.299804687499999944e-01
1.307617187500000056e-01
1.291992187500000111e-01
1.292968750000000056e-01
1.313476562500000000e-01
1.284179687500000000e-01
1.271484374999999889e-01
1.253906250000000056e-01
1.307617187500000056e-01
1.325195312499999889e-01
1.318359375000000000e-01
1.299804687499999944e-01
1.282226562500000111e-01
1.333984374999999944e-01
1.288085937500000056e-01
1.346679687500000056e-01
1.366210937500000056e-01
1.376953125000000000e-01
1.325195312499999889e-01
1.268554687500000056e-01
1.343749999999999944e-01
1.301757812500000111e-01
1.382812499999999944e-01
1.281249999999999889e-01
1.310546874999999889e-01
1.303710937500000000e-01
1.377929687499999944e-01
1.333984374999999944e-01
1.400390625000000056e-01
1.346679687500000056e-01
1.311523437500000111e-01
1.280273437499999944e-01
1.367187500000000000e-01
1.355468750000000111e-01
1.379882812500000111e-01
1.335937500000000111e-01
1.347656250000000000e-01
1.364257812499999889e-01
1.330078124999999889e-01
1.304687499999999944e-01
1.391601562500000000e-01
1.348632812499999944e-01
1.291015624999999889e-01
1.359374999999999889e-01
1.346679687500000056e-01
1.320312499999999889e-01
1.357421875000000000e-01
1.313476562500000000e-01
1.384765625000000111e-01
1.353515624999999944e-01
1.323242187500000000e-01
1.262695312500000111e-01
1.375000000000000111e-01
1.403320312499999889e-01
1.380859375000000056e-01
1.380859375000000056e-01
1.375976562500000056e-01
1.351562500000000056e-01
1.406250000000000000e-01
1.339843749999999889e-01
1.339843749999999889e-01
1.332031250000000056e-01
1.286132812499999889e-01
1.347656250000000000e-01
1.367187500000000000e-01
1.386718750000000000e-01
1.342773437500000000e-01
1.310546874999999889e-01
1.312500000000000056e-01
1.288085937500000056e-01
1.328125000000000000e-01
1.327148437500000056e-01
1.385742187500000056e-01
1.342773437500000000e-01
1.359374999999999889e-01
1.299804687499999944e-01
1.310546874999999889e-01
1.295898437499999889e-01
1.375976562500000056e-01
1.318359375000000000e-01
1.291015624999999889e-01
1.339843749999999889e-01
1.259765625000000000e-01
1.279296875000000000e-01
1.222656250000000028e-01
1.277343750000000111e-01
1.310546874999999889e-01
1.324218749999999944e-01
1.290039062499999944e-01
1.300781249999999889e-01
1.278320312500000056e-01
1.293945312500000000e-01
1.310546874999999889e-01
1.212890625000000028e-01
1.237304687500000028e-01
1.235351562500000000e-01
1.230468750000000000e-01
1.309570312499999944e-01
1.246093749999999944e-01
1.173828125000000028e-01
1.241210937499999944e-01
1.263671875000000056e-01
1.304687499999999944e-01
1.214843750000000056e-01
1.197265624999999944e-01
1.241210937499999944e-01
1.159179687500000028e-01
1.216796874999999944e-01
1.221679687499999944e-01
1.185546875000000056e-01
1.174804687499999972e-01
1.129882812500000028e-01
1.153320312499999944e-01
1.186523437500000000e-01
1.161132812500000056e-01
1.132812500000000000e-01
1.159179687500000028e-01
1.177734374999999944e-01
1.135742187499999972e-01
1.157226562500000000e-01
1.174804687499999972e-01
1.052734374999999972e-01
1.122070312500000056e-01
1.051757812500000028e-01
1.090820312500000028e-01
1.043945312500000056e-01
1.055664062499999944e-01
1.089843749999999944e-01
1.067382812499999972e-01
1.089843749999999944e-01
1.013671874999999972e-01
1.077148437499999972e-01
9.990234374999999722e-02
1.059570312500000000e-01
9.931640625000000278e-02
1.042968749999999972e-01
9.482421874999999445e-02
1.030273437500000000e-01
9.345703125000000278e-02
9.960937500000000000e-02
1.000976562500000000e-01
9.423828125000000000e-02
9.287109374999999445e-02
9.091796874999999445e-02
9.492187500000000278e-02
8.876953125000000555e-02
9.199218750000000278e-02
9.062499999999999722e-02
9.462890625000000555e-02
8.945312499999999445e-02
9.316406250000000555e-02
8.749999999999999445e-02
8.398437500000000000e-02
9.267578125000000555e-02
8.642578125000000000e-02
8.476562499999999722e-02
8.574218749999999722e-02
8.261718749999999445e-02
7.998046875000000555e-02
7.802734375000000555e-02
8.085937499999999722e-02
7.656250000000000555e-02
7.617187500000000000e-02
7.382812499999999445e-02
7.509765625000000555e-02
7.373046875000000000e-02
7.197265625000000278e-02
7.617187500000000000e-02
6.611328125000000278e-02
6.796874999999999445e-02
6.533203125000000555e-02
6.445312500000000000e-02
6.660156250000000278e-02
6.728515625000000555e-02
7.294921875000000278e-02
5.996093749999999861e-02
6.191406249999999861e-02
6.337890625000000555e-02
5.878906250000000278e-02
5.927734375000000278e-02
5.869140625000000139e-02
6.250000000000000000e-02
5.507812499999999861e-02
5.976562500000000278e-02
5.273437500000000000e-02
5.585937500000000278e-02
5.488281250000000278e-02
4.970703124999999861e-02
5.332031250000000139e-02
4.628906249999999861e-02
4.843750000000000139e-02
5.078125000000000000e-02
5.205078124999999722e-02
4.833984375000000000e-02
4.697265625000000139e-02
4.560546875000000278e-02
4.335937499999999861e-02
4.609375000000000278e-02
4.482421874999999861e-02
4.355468750000000139e-02
4.033203124999999722e-02
3.691406249999999722e-02
3.925781250000000278e-02
3.535156250000000278e-02
3.408203124999999861e-02
3.554687499999999861e-02
3.398437499999999722e-02
3.496093749999999722e-02
3.447265624999999722e-02
3.242187500000000278e-02
2.861328125000000069e-02
2.753906249999999931e-02
2.851562499999999931e-02
3.027343750000000000e-02
2.978515625000000000e-02
2.675781249999999861e-02
2.792968750000000139e-02
2.773437499999999861e-02
2.587890625000000000e-02
2.470703125000000069e-02
2.558593749999999931e-02
2.207031250000000139e-02
2.167968749999999931e-02
2.119140624999999931e-02
1.865234375000000139e-02
1.884765625000000069e-02
2.001953125000000000e-02
1.826171874999999931e-02
1.874999999999999931e-02
1.455078125000000035e-02
1.523437499999999965e-02
1.484374999999999931e-02
1.484374999999999931e-02
1.601562499999999861e-02
1.298828125000000069e-02
1.201171875000000069e-02
1.289062499999999931e-02
1.054687500000000069e-02
1.337890624999999931e-02
1.152343750000000069e-02
9.472656249999999306e-03
9.082031250000000694e-03
9.179687500000000347e-03
8.886718749999999653e-03
7.812500000000000000e-03
8.203125000000000347e-03
7.031250000000000173e-03
6.542968750000000173e-03
0.000000000000000000e+00
0.000000000000000000e+00
0.000000000000000000e+00
0.000000000000000000e+00
0.000000000000000000e+00
0.000000000000000000e+00
0.000000000000000000e+00
0.000000000000000000e+00
0.000000000000000000e+00
0.000000000000000000e+00
0.000000000000000000e+00
0.000000000000000000e+00
0.000000000000000000e+00
0.000000000000000000e+00
0.000000000000000000e+00
0.000000000000000000e+00
0.000000000000000000e+00
0.000000000000000000e+00
0.000000000000000000e+00
0.000000000000000000e+00
0.000000000000000000e+00
0.000000000000000000e+00
0.000000000000000000e+00
0.000000000000000000e+00
0.000000000000000000e+00
