2.149133068577724792e+00
2.152333706256908563e+00
2.143971784907785061e+00
2.151004380133212379e+00
2.152627469718553677e+00
2.138262689805741523e+00
2.148360370966736266e+00
2.152080824606489529e+00
2.151842859463803936e+00
2.147265604386661142e+00
2.143664847019701725e+00
2.153728488054917456e+00
2.152662165460683674e+00
2.156600171227435414e+00
2.156181718559665672e+00
2.152721623060937617e+00
2.160195854437235941e+00
2.153923909030277084e+00
2.161823691586265195e+00
2.151530055124933227e+00
2.145352436387490513e+00
2.147512464308659830e+00
2.161527015459009160e+00
2.145214583115358398e+00
2.147958637690156714e+00
2.146784869137628782e+00
2.149112603662195919e+00
2.148835315676177249e+00
2.131282351499219185e+00
2.150643631503324382e+00
2.141400205162585557e+00
2.161523841281008274e+00
2.153622423936913499e+00
2.158941988941050383e+00
2.163770028501638354e+00
2.154257756618581876e+00
2.151041721764529679e+00
2.145867120742456891e+00
2.148280590187980010e+00
2.147277122543894023e+00
2.145191922881640068e+00
2.163222952308769376e+00
2.146159725396652895e+00
2.146131148367351305e+00
2.144368161694955699e+00
2.159087157398762891e+00
2.157868483315671160e+00
2.156332647232515498e+00
2.149266020764167173e+00
2.149643382529543345e+00
2.153656281037236386e+00
2.151808384964249310e+00
2.145014381125177838e+00
2.149232033375755968e+00
2.146938429754176703e+00
2.145045928324564422e+00
2.164009516336224515e+00
2.155433103142903040e+00
2.145171434783871511e+00
2.147464265510610648e+00
2.145293843278384127e+00
2.143444149400699494e+00
2.143882705048708370e+00
2.155529981000672723e+00
