2.142554723169400432e+00
2.144753869130767931e+00
2.157833982386685001e+00
2.146503206679092557e+00
2.155835286580503052e+00
2.152671518266732864e+00
2.148682995301121057e+00
2.150305021452089793e+00
2.145610471245326778e+00
2.149950024952552052e+00
2.158177135976493854e+00
2.162370521071227625e+00
2.166271039847718960e+00
2.140081741065352983e+00
2.152278537508578449e+00
2.135690775495235894e+00
2.142567687923045749e+00
2.148651240771761284e+00
2.151906107433700477e+00
2.139889210415333753e+00
2.157430066687867409e+00
2.143348346929941695e+00
2.152272874477476616e+00
2.152391972251867180e+00
2.162934947094048432e+00
2.164728327597058133e+00
2.157669244111610762e+00
2.158863334023738645e+00
2.140623708581658402e+00
2.150676914549675800e+00
2.152721178797905477e+00
2.161423990744685941e+00
2.160326102972434104e+00
2.140692001290367852e+00
2.169577995015572025e+00
2.146154174928042835e+00
2.135696894698329462e+00
2.154952747571174942e+00
2.147366760861138424e+00
2.150898951085072675e+00
2.156360683553154356e+00
2.160917062110442100e+00
2.153967293346134682e+00
2.160222952702366861e+00
2.149679176160504301e+00
2.158545541565445536e+00
2.144792391832089695e+00
2.147996610974082010e+00
2.162325375148760109e+00
2.159423723763870928e+00
2.154152043506706971e+00
2.159355488034672810e+00
2.154739683760093172e+00
2.136033225072942354e+00
2.153694713596427945e+00
2.141313334016060388e+00
2.163289695349084329e+00
2.163418572635734449e+00
2.152379079900790249e+00
2.157164667602055275e+00
2.142935844307066962e+00
2.156329547428824434e+00
2.149431853168429107e+00
2.156979823763418569e+00
