2.141373813615452537e+00
2.148792518235298932e+00
2.150448971678255106e+00
2.158932391242529114e+00
2.153260961244817029e+00
2.141881880179656861e+00
2.158553395699732924e+00
2.151121729688461492e+00
2.155122816977213862e+00
2.153603654925377864e+00
2.159168767753319784e+00
2.158711903729193970e+00
2.155297181130571449e+00
2.150918029498274819e+00
2.152453593643394836e+00
2.153903199906392452e+00
2.146329779560727680e+00
2.153503098151921424e+00
2.142429954067063935e+00
2.149487344446223691e+00
2.161525236730787114e+00
2.156911871800075708e+00
2.168586383458066535e+00
2.146957253919911324e+00
2.139600144899756806e+00
2.140776771764032915e+00
2.148341174016407340e+00
2.145820237877696268e+00
2.146438905720724932e+00
2.139898825705475183e+00
2.139413264402372672e+00
2.158667005251060811e+00
2.158372609436706391e+00
2.155666944609190949e+00
2.163177371336832966e+00
2.138313395159917363e+00
2.151856488026405501e+00
2.149784552222850920e+00
2.155825632648907586e+00
2.152421400125649420e+00
2.131951311332980215e+00
2.152985744758278308e+00
2.146066485822769820e+00
2.157006424551573431e+00
2.150431118052782864e+00
2.152290419222910423e+00
2.152546452470274208e+00
2.154738725138805933e+00
2.150290895156099502e+00
2.168617994481288669e+00
2.158490520704277493e+00
2.158277971181731480e+00
2.143012396654932594e+00
2.159882976154734457e+00
2.162597433115041046e+00
2.159297136542926765e+00
2.148417421844853514e+00
2.157266572935298665e+00
2.159162260390877552e+00
2.154076599288365035e+00
2.160034065931258684e+00
2.144337710956746523e+00
2.149214525097585593e+00
2.154908872342526038e+00
