0.000000000000000000e+00
0.000000000000000000e+00
0.000000000000000000e+00
0.000000000000000000e+00
0.000000000000000000e+00
0.000000000000000000e+00
0.000000000000000000e+00
0.000000000000000000e+00
0.000000000000000000e+00
0.000000000000000000e+00
0.000000000000000000e+00
0.000000000000000000e+00
0.000000000000000000e+00
0.000000000000000000e+00
0.000000000000000000e+00
0.000000000000000000e+00
0.000000000000000000e+00
0.000000000000000000e+00
0.000000000000000000e+00
0.000000000000000000e+00
0.000000000000000000e+00
0.000000000000000000e+00
0.000000000000000000e+00
0.000000000000000000e+00
0.000000000000000000e+00
1.025390625000000000e-02
8.300781250000000000e-03
8.789062500000000000e-03
8.789062500000000000e-03
1.025390625000000000e-02
9.765625000000000000e-03
1.015625000000000035e-02
1.142578124999999931e-02
1.132812499999999965e-02
1.220703125000000000e-02
1.298828125000000069e-02
1.279296874999999965e-02
1.201171875000000069e-02
1.425781249999999965e-02
1.357421875000000035e-02
1.494140625000000069e-02
1.738281250000000069e-02
1.669921875000000139e-02
1.699218749999999861e-02
1.679687499999999931e-02
1.982421875000000069e-02
1.816406250000000139e-02
1.943359374999999861e-02
2.148437500000000000e-02
2.011718750000000139e-02
2.480468749999999861e-02
2.119140624999999931e-02
2.246093750000000000e-02
2.412109374999999931e-02
2.490234375000000000e-02
2.705078124999999931e-02
2.539062500000000000e-02
2.978515625000000000e-02
2.812500000000000069e-02
2.939453125000000139e-02
2.988281250000000139e-02
2.910156250000000069e-02
2.734375000000000000e-02
3.066406249999999861e-02
3.291015625000000278e-02
3.476562500000000139e-02
3.857421875000000000e-02
3.466796875000000000e-02
3.749999999999999861e-02
3.818359375000000139e-02
3.857421875000000000e-02
3.671875000000000139e-02
4.326171874999999722e-02
4.423828124999999722e-02
4.296875000000000000e-02
4.111328125000000139e-02
4.804687500000000278e-02
4.648437500000000139e-02
4.667968749999999722e-02
4.511718750000000278e-02
4.970703124999999861e-02
4.970703124999999861e-02
5.039062500000000139e-02
5.078125000000000000e-02
5.117187499999999861e-02
4.951171875000000278e-02
5.244140625000000278e-02
5.371093750000000000e-02
5.625000000000000139e-02
6.064453125000000139e-02
5.410156249999999861e-02
5.302734374999999722e-02
5.644531249999999722e-02
5.937499999999999722e-02
6.308593749999999445e-02
6.152343750000000000e-02
6.523437499999999722e-02
6.933593750000000000e-02
6.816406249999999722e-02
6.542968750000000000e-02
6.591796875000000000e-02
6.718749999999999722e-02
7.001953125000000278e-02
7.080078125000000000e-02
7.705078125000000555e-02
7.304687499999999722e-02
7.753906250000000555e-02
7.255859374999999722e-02
7.470703125000000000e-02
7.460937500000000555e-02
7.919921874999999445e-02
8.066406249999999445e-02
8.251953125000000000e-02
8.369140625000000278e-02
8.232421874999999722e-02
8.535156250000000555e-02
8.212890624999999445e-02
8.154296875000000000e-02
8.935546875000000000e-02
8.603515624999999445e-02
9.042968749999999445e-02
8.515625000000000278e-02
9.082031250000000000e-02
8.886718750000000000e-02
9.199218750000000278e-02
8.847656249999999445e-02
9.638671875000000278e-02
8.876953125000000555e-02
9.541015625000000278e-02
9.609375000000000555e-02
9.570312500000000000e-02
9.648437499999999722e-02
9.550781249999999722e-02
9.824218749999999445e-02
1.040039062500000000e-01
9.716796875000000000e-02
1.021484374999999944e-01
9.726562499999999445e-02
1.006835937499999944e-01
1.009765625000000056e-01
1.049804687500000000e-01
1.000976562500000000e-01
1.058593750000000056e-01
1.054687500000000000e-01
1.040039062500000000e-01
1.064453125000000000e-01
1.031249999999999944e-01
1.035156250000000000e-01
1.110351562500000028e-01
1.071289062500000028e-01
1.044921875000000000e-01
1.117187500000000056e-01
1.120117187500000028e-01
1.146484375000000056e-01
1.108398437500000000e-01
1.114257812499999944e-01
1.172851562499999944e-01
1.108398437500000000e-01
1.130859374999999972e-01
1.179687499999999972e-01
1.287109375000000111e-01
1.117187500000000056e-01
1.219726562500000056e-01
1.142578125000000000e-01
1.238281249999999972e-01
1.179687499999999972e-01
1.196289062500000000e-01
1.203125000000000028e-01
1.188476562500000028e-01
1.187499999999999944e-01
1.225585937500000000e-01
1.258789062500000056e-01
1.138671874999999944e-01
1.268554687500000056e-01
1.337890625000000000e-01
1.295898437499999889e-01
1.188476562500000028e-01
1.328125000000000000e-01
1.313476562500000000e-01
1.265624999999999944e-01
1.261718749999999889e-01
1.276367187499999889e-01
1.233398437499999972e-01
1.306640625000000111e-01
1.256835937499999889e-01
1.281249999999999889e-01
1.279296875000000000e-01
1.242187500000000028e-01
1.339843749999999889e-01
1.292968750000000056e-01
1.363281249999999944e-01
1.348632812499999944e-01
1.296875000000000111e-01
1.223632812499999972e-01
1.285156249999999944e-01
1.394531250000000111e-01
1.329101562499999944e-01
1.321289062500000111e-01
1.325195312499999889e-01
1.288085937500000056e-01
1.353515624999999944e-01
1.378906249999999889e-01
1.344726562499999889e-01
1.287109375000000111e-01
1.338867187499999944e-01
1.351562500000000056e-01
1.329101562499999944e-01
1.395507812500000056e-01
1.292968750000000056e-01
1.350585937500000111e-01
1.319335937499999944e-01
1.359374999999999889e-01
1.327148437500000056e-01
1.412109374999999944e-01
1.320312499999999889e-01
1.336914062500000056e-01
1.415039062500000056e-01
1.297851562500000056e-01
1.394531250000000111e-01
1.275390624999999944e-01
1.373046874999999944e-01
1.425781250000000000e-01
1.318359375000000000e-01
1.358398437499999944e-01
1.383789062499999889e-01
1.342773437500000000e-01
1.305664062499999889e-01
1.333007812500000000e-01
1.391601562500000000e-01
1.357421875000000000e-01
1.385742187500000056e-01
1.349609374999999889e-01
1.314453124999999944e-01
1.345703125000000111e-01
1.342773437500000000e-01
1.374023437499999889e-01
1.340820312500000111e-01
1.354492187499999889e-01
1.342773437500000000e-01
1.328125000000000000e-01
1.359374999999999889e-01
1.291015624999999889e-01
1.366210937500000056e-01
1.371093750000000056e-01
1.398437499999999889e-01
1.351562500000000056e-01
1.241210937499999944e-01
1.360351562500000111e-01
1.355468750000000111e-01
1.313476562500000000e-01
1.353515624999999944e-01
1.257812500000000111e-01
1.381835937500000000e-01
1.330078124999999889e-01
1.302734375000000056e-01
1.325195312499999889e-01
1.312500000000000056e-01
1.275390624999999944e-01
1.307617187500000056e-01
1.328125000000000000e-01
1.249023437500000056e-01
1.411132812500000000e-01
1.382812499999999944e-01
1.298828125000000000e-01
1.313476562500000000e-01
1.304687499999999944e-01
1.313476562500000000e-01
1.323242187500000000e-01
1.309570312499999944e-01
1.269531250000000000e-01
1.306640625000000111e-01
1.333007812500000000e-01
1.249023437500000056e-01
1.353515624999999944e-01
1.348632812499999944e-01
1.257812500000000111e-01
1.314453124999999944e-01
1.236328124999999944e-01
1.337890625000000000e-01
1.248046874999999972e-01
1.304687499999999944e-01
1.278320312500000056e-01
1.262695312500000111e-01
1.241210937499999944e-01
1.273437500000000056e-01
1.347656250000000000e-01
1.245117187500000000e-01
1.279296875000000000e-01
1.302734375000000056e-01
1.279296875000000000e-01
1.213867187499999972e-01
1.156250000000000056e-01
1.218749999999999972e-01
1.256835937499999889e-01
1.218749999999999972e-01
1.312500000000000056e-01
1.290039062499999944e-01
1.299804687499999944e-01
1.217773437500000028e-01
1.208984374999999972e-01
1.201171875000000000e-01
1.209960937500000056e-01
1.252929687500000111e-01
1.189453124999999972e-01
1.238281249999999972e-01
1.227539062500000028e-01
1.205078125000000056e-01
1.222656250000000028e-01
1.243164062499999972e-01
1.207031249999999944e-01
1.216796874999999944e-01
1.257812500000000111e-01
1.207031249999999944e-01
1.242187500000000028e-01
1.164062500000000028e-01
1.224609375000000056e-01
1.249023437500000056e-01
1.155273437499999972e-01
1.224609375000000056e-01
1.197265624999999944e-01
1.217773437500000028e-01
1.150390624999999972e-01
1.186523437500000000e-01
1.208984374999999972e-01
1.167968749999999944e-01
1.161132812500000056e-01
1.175781250000000056e-01
1.137695312500000000e-01
1.276367187499999889e-01
1.195312500000000056e-01
1.203125000000000028e-01
1.186523437500000000e-01
1.172851562499999944e-01
1.241210937499999944e-01
1.193359375000000028e-01
1.125976562499999972e-01
1.149414062500000028e-01
1.201171875000000000e-01
1.208007812500000028e-01
1.218749999999999972e-01
1.165039062499999972e-01
1.187499999999999944e-01
1.151367187500000056e-01
1.170898437500000056e-01
1.204101562499999972e-01
1.119140624999999944e-01
1.176757812500000000e-01
1.149414062500000028e-01
1.159179687500000028e-01
1.090820312500000028e-01
1.143554687499999944e-01
1.125000000000000028e-01
1.148437499999999944e-01
1.140624999999999972e-01
1.185546875000000056e-01
1.205078125000000056e-01
1.150390624999999972e-01
1.196289062500000000e-01
1.175781250000000056e-01
1.201171875000000000e-01
1.213867187499999972e-01
1.133789062499999944e-01
1.155273437499999972e-01
1.154296875000000028e-01
1.197265624999999944e-01
1.148437499999999944e-01
1.115234375000000028e-01
1.131835937500000056e-01
1.194335937499999972e-01
1.137695312500000000e-01
1.127929687500000000e-01
1.067382812499999972e-01
1.201171875000000000e-01
1.148437499999999944e-01
1.161132812500000056e-01
1.191406250000000000e-01
1.140624999999999972e-01
1.102539062500000056e-01
1.047851562499999972e-01
1.150390624999999972e-01
1.191406250000000000e-01
1.148437499999999944e-01
1.144531250000000028e-01
1.146484375000000056e-01
1.163085937499999944e-01
1.136718750000000056e-01
1.202148437499999944e-01
1.126953125000000056e-01
1.116210937499999972e-01
1.141601562500000056e-01
1.153320312499999944e-01
1.162109375000000000e-01
1.126953125000000056e-01
1.203125000000000028e-01
1.102539062500000056e-01
1.091796874999999972e-01
1.170898437500000056e-01
1.133789062499999944e-01
1.131835937500000056e-01
1.137695312500000000e-01
1.158203124999999944e-01
1.156250000000000056e-01
1.136718750000000056e-01
1.139648437500000028e-01
1.148437499999999944e-01
1.192382812499999944e-01
1.107421875000000056e-01
1.145507812499999972e-01
1.148437499999999944e-01
1.115234375000000028e-01
1.094726562499999944e-01
1.146484375000000056e-01
1.160156249999999972e-01
1.183593750000000028e-01
1.208007812500000028e-01
1.123046875000000000e-01
1.206054687500000000e-01
1.101562499999999972e-01
1.154296875000000028e-01
1.164062500000000028e-01
1.167968749999999944e-01
1.178710937500000028e-01
1.180664062500000056e-01
1.215820312500000000e-01
1.148437499999999944e-01
1.148437499999999944e-01
1.151367187500000056e-01
1.180664062500000056e-01
1.193359375000000028e-01
1.133789062499999944e-01
1.171875000000000000e-01
1.171875000000000000e-01
1.153320312499999944e-01
1.166015625000000056e-01
1.176757812500000000e-01
1.164062500000000028e-01
1.182617187499999944e-01
1.154296875000000028e-01
1.216796874999999944e-01
1.116210937499999972e-01
1.124023437499999944e-01
1.171875000000000000e-01
1.146484375000000056e-01
1.127929687500000000e-01
1.159179687500000028e-01
1.155273437499999972e-01
1.115234375000000028e-01
1.113281250000000000e-01
1.204101562499999972e-01
1.156250000000000056e-01
1.203125000000000028e-01
1.152343750000000000e-01
1.191406250000000000e-01
1.197265624999999944e-01
1.151367187500000056e-01
1.168945312500000028e-01
1.153320312499999944e-01
1.181640625000000000e-01
1.201171875000000000e-01
1.185546875000000056e-01
1.217773437500000028e-01
1.177734374999999944e-01
1.205078125000000056e-01
1.196289062500000000e-01
1.169921874999999972e-01
1.190429687500000056e-01
1.166015625000000056e-01
1.186523437500000000e-01
1.165039062499999972e-01
1.226562499999999944e-01
1.181640625000000000e-01
1.201171875000000000e-01
1.215820312500000000e-01
1.159179687500000028e-01
1.181640625000000000e-01
1.184570312499999972e-01
1.188476562500000028e-01
1.163085937499999944e-01
1.213867187499999972e-01
1.171875000000000000e-01
1.231445312499999944e-01
1.160156249999999972e-01
1.178710937500000028e-01
1.165039062499999972e-01
1.186523437500000000e-01
1.197265624999999944e-01
1.198242187500000028e-01
1.203125000000000028e-01
1.226562499999999944e-01
1.183593750000000028e-01
1.166015625000000056e-01
1.209960937500000056e-01
1.155273437499999972e-01
1.210937500000000000e-01
1.191406250000000000e-01
1.167968749999999944e-01
1.135742187499999972e-01
1.223632812499999972e-01
1.219726562500000056e-01
1.215820312500000000e-01
1.161132812500000056e-01
1.244140625000000056e-01
1.211914062499999944e-01
1.235351562500000000e-01
1.183593750000000028e-01
1.290039062499999944e-01
1.221679687499999944e-01
1.196289062500000000e-01
1.257812500000000111e-01
1.240234375000000000e-01
1.187499999999999944e-01
1.207031249999999944e-01
1.188476562500000028e-01
1.185546875000000056e-01
1.230468750000000000e-01
1.228515624999999972e-01
1.178710937500000028e-01
1.189453124999999972e-01
1.185546875000000056e-01
1.228515624999999972e-01
1.166992187500000000e-01
1.259765625000000000e-01
1.171875000000000000e-01
1.210937500000000000e-01
1.197265624999999944e-01
1.192382812499999944e-01
1.208007812500000028e-01
1.167968749999999944e-01
1.217773437500000028e-01
1.136718750000000056e-01
1.252929687500000111e-01
1.171875000000000000e-01
1.199218749999999972e-01
1.210937500000000000e-01
1.205078125000000056e-01
1.184570312499999972e-01
1.188476562500000028e-01
1.230468750000000000e-01
1.228515624999999972e-01
1.219726562500000056e-01
1.221679687499999944e-01
1.222656250000000028e-01
1.221679687499999944e-01
1.223632812499999972e-01
1.217773437500000028e-01
1.166992187500000000e-01
1.228515624999999972e-01
1.208007812500000028e-01
1.219726562500000056e-01
1.239257812500000056e-01
1.156250000000000056e-01
1.217773437500000028e-01
1.185546875000000056e-01
1.171875000000000000e-01
1.247070312500000028e-01
1.290039062499999944e-01
1.170898437500000056e-01
1.241210937499999944e-01
1.201171875000000000e-01
1.206054687500000000e-01
1.184570312499999972e-01
1.205078125000000056e-01
1.182617187499999944e-01
1.193359375000000028e-01
1.219726562500000056e-01
1.208984374999999972e-01
1.180664062500000056e-01
1.237304687500000028e-01
1.205078125000000056e-01
1.205078125000000056e-01
1.232421875000000028e-01
1.181640625000000000e-01
1.171875000000000000e-01
1.166992187500000000e-01
1.184570312499999972e-01
1.166992187500000000e-01
1.193359375000000028e-01
1.167968749999999944e-01
1.147460937500000000e-01
1.161132812500000056e-01
1.184570312499999972e-01
1.179687499999999972e-01
1.166992187500000000e-01
1.290039062499999944e-01
1.174804687499999972e-01
1.175781250000000056e-01
1.197265624999999944e-01
1.196289062500000000e-01
1.119140624999999944e-01
1.172851562499999944e-01
1.233398437499999972e-01
1.231445312499999944e-01
1.243164062499999972e-01
1.207031249999999944e-01
1.158203124999999944e-01
1.191406250000000000e-01
1.178710937500000028e-01
1.143554687499999944e-01
1.221679687499999944e-01
1.179687499999999972e-01
1.232421875000000028e-01
1.147460937500000000e-01
1.219726562500000056e-01
1.195312500000000056e-01
1.191406250000000000e-01
1.229492187500000056e-01
1.157226562500000000e-01
1.192382812499999944e-01
1.203125000000000028e-01
1.182617187499999944e-01
1.117187500000000056e-01
1.210937500000000000e-01
1.211914062499999944e-01
1.138671874999999944e-01
1.241210937499999944e-01
1.170898437500000056e-01
1.192382812499999944e-01
1.151367187500000056e-01
1.137695312500000000e-01
1.172851562499999944e-01
1.178710937500000028e-01
1.118164062500000000e-01
1.141601562500000056e-01
1.172851562499999944e-01
1.168945312500000028e-01
1.137695312500000000e-01
1.210937500000000000e-01
1.165039062499999972e-01
1.074218750000000000e-01
1.200195312500000056e-01
1.164062500000000028e-01
1.182617187499999944e-01
1.202148437499999944e-01
1.198242187500000028e-01
1.197265624999999944e-01
1.195312500000000056e-01
1.171875000000000000e-01
1.168945312500000028e-01
1.178710937500000028e-01
1.166015625000000056e-01
1.102539062500000056e-01
1.177734374999999944e-01
1.183593750000000028e-01
1.229492187500000056e-01
1.151367187500000056e-01
1.164062500000000028e-01
1.236328124999999944e-01
1.125000000000000028e-01
1.153320312499999944e-01
1.121093749999999972e-01
1.203125000000000028e-01
1.199218749999999972e-01
1.173828125000000028e-01
1.121093749999999972e-01
1.108398437500000000e-01
1.158203124999999944e-01
1.157226562500000000e-01
1.193359375000000028e-01
1.120117187500000028e-01
1.212890625000000028e-01
1.142578125000000000e-01
1.154296875000000028e-01
1.124023437499999944e-01
1.195312500000000056e-01
1.148437499999999944e-01
1.209960937500000056e-01
1.203125000000000028e-01
1.219726562500000056e-01
1.160156249999999972e-01
1.198242187500000028e-01
1.221679687499999944e-01
1.165039062499999972e-01
1.144531250000000028e-01
1.213867187499999972e-01
1.225585937500000000e-01
1.168945312500000028e-01
1.185546875000000056e-01
1.212890625000000028e-01
1.188476562500000028e-01
1.154296875000000028e-01
1.182617187499999944e-01
1.203125000000000028e-01
1.200195312500000056e-01
1.264648437500000000e-01
1.233398437499999972e-01
1.230468750000000000e-01
1.170898437500000056e-01
1.209960937500000056e-01
1.188476562500000028e-01
1.131835937500000056e-01
1.205078125000000056e-01
1.251953124999999889e-01
1.230468750000000000e-01
1.193359375000000028e-01
1.204101562499999972e-01
1.212890625000000028e-01
1.196289062500000000e-01
1.224609375000000056e-01
1.236328124999999944e-01
1.262695312500000111e-01
1.250976562499999944e-01
1.277343750000000111e-01
1.196289062500000000e-01
1.256835937499999889e-01
1.230468750000000000e-01
1.268554687500000056e-01
1.270507812499999944e-01
1.292968750000000056e-01
1.249023437500000056e-01
1.274414062500000000e-01
1.248046874999999972e-01
1.249023437500000056e-01
1.294921874999999944e-01
1.259765625000000000e-01
1.278320312500000056e-01
1.285156249999999944e-01
1.269531250000000000e-01
1.277343750000000111e-01
1.283203125000000056e-01
1.299804687499999944e-01
1.298828125000000000e-01
1.269531250000000000e-01
1.334960937499999889e-01
1.293945312500000000e-01
1.251953124999999889e-01
1.241210937499999944e-01
1.331054687500000111e-01
1.245117187500000000e-01
1.277343750000000111e-01
1.290039062499999944e-01
1.300781249999999889e-01
1.236328124999999944e-01
1.299804687499999944e-01
1.326171875000000111e-01
1.282226562500000111e-01
1.302734375000000056e-01
1.352539062500000000e-01
1.315429687499999889e-01
1.353515624999999944e-01
1.317382812500000056e-01
1.284179687500000000e-01
1.298828125000000000e-01
1.284179687500000000e-01
1.292968750000000056e-01
1.360351562500000111e-01
1.325195312499999889e-01
1.347656250000000000e-01
1.396484375000000000e-01
1.304687499999999944e-01
1.318359375000000000e-01
1.312500000000000056e-01
1.339843749999999889e-01
1.342773437500000000e-01
1.326171875000000111e-01
1.326171875000000111e-01
1.388671874999999889e-01
1.383789062499999889e-01
1.309570312499999944e-01
1.422851562499999889e-01
1.352539062500000000e-01
1.345703125000000111e-01
1.344726562499999889e-01
1.410156250000000056e-01
1.370117187500000111e-01
1.366210937500000056e-01
1.385742187500000056e-01
1.333984374999999944e-01
1.387695312499999944e-01
1.400390625000000056e-01
1.345703125000000111e-01
1.304687499999999944e-01
1.335937500000000111e-01
1.375000000000000111e-01
1.372070312500000000e-01
1.348632812499999944e-01
1.386718750000000000e-01
1.344726562499999889e-01
1.323242187500000000e-01
1.340820312500000111e-01
1.402343749999999944e-01
1.367187500000000000e-01
1.356445312500000056e-01
1.328125000000000000e-01
1.339843749999999889e-01
1.366210937500000056e-01
1.329101562499999944e-01
1.369140624999999889e-01
1.399414062500000111e-01
1.340820312500000111e-01
1.358398437499999944e-01
1.321289062500000111e-01
1.320312499999999889e-01
1.377929687499999944e-01
1.387695312499999944e-01
1.391601562500000000e-01
1.375000000000000111e-01
1.313476562500000000e-01
1.352539062500000000e-01
1.402343749999999944e-01
1.377929687499999944e-01
1.328125000000000000e-01
1.339843749999999889e-01
1.316406250000000111e-01
1.308593750000000000e-01
1.335937500000000111e-01
1.277343750000000111e-01
1.286132812499999889e-01
1.287109375000000111e-01
1.226562499999999944e-01
1.283203125000000056e-01
1.294921874999999944e-01
1.291015624999999889e-01
1.238281249999999972e-01
1.349609374999999889e-01
1.262695312500000111e-01
1.264648437500000000e-01
1.269531250000000000e-01
1.291015624999999889e-01
1.329101562499999944e-01
1.262695312500000111e-01
1.243164062499999972e-01
1.336914062500000056e-01
1.242187500000000028e-01
1.217773437500000028e-01
1.250976562499999944e-01
1.256835937499999889e-01
1.230468750000000000e-01
1.209960937500000056e-01
1.220703125000000000e-01
1.225585937500000000e-01
1.258789062500000056e-01
1.184570312499999972e-01
1.237304687500000028e-01
1.185546875000000056e-01
1.228515624999999972e-01
1.241210937499999944e-01
1.175781250000000056e-01
1.206054687500000000e-01
1.198242187500000028e-01
1.199218749999999972e-01
1.196289062500000000e-01
1.108398437500000000e-01
1.118164062500000000e-01
1.112304687500000056e-01
1.158203124999999944e-01
1.079101562500000000e-01
1.186523437500000000e-01
1.080078124999999944e-01
1.161132812500000056e-01
1.109374999999999944e-01
1.082031249999999972e-01
1.097656250000000056e-01
1.080078124999999944e-01
1.118164062500000000e-01
1.092773437500000056e-01
1.037109375000000028e-01
1.077148437499999972e-01
1.022460937500000028e-01
1.056640625000000028e-01
1.005859375000000000e-01
1.038085937499999972e-01
1.016601562499999944e-01
1.036132812499999944e-01
9.843749999999999722e-02
9.687500000000000278e-02
1.003906249999999972e-01
9.433593749999999445e-02
9.746093749999999722e-02
9.589843750000000278e-02
9.892578124999999722e-02
9.345703125000000278e-02
9.912109375000000000e-02
9.130859375000000000e-02
8.847656249999999445e-02
9.355468749999999722e-02
8.769531249999999722e-02
8.603515624999999445e-02
8.867187499999999722e-02
8.593750000000000000e-02
8.623046874999999722e-02
8.525390624999999722e-02
8.193359375000000555e-02
8.749999999999999445e-02
8.125000000000000278e-02
7.695312499999999722e-02
7.919921874999999445e-02
7.890624999999999722e-02
7.900390625000000555e-02
7.392578125000000278e-02
8.085937499999999722e-02
8.115234374999999445e-02
7.548828124999999722e-02
7.421875000000000000e-02
7.285156249999999445e-02
6.767578124999999722e-02
6.845703124999999445e-02
6.855468750000000278e-02
6.689453125000000000e-02
6.611328125000000278e-02
6.523437499999999722e-02
6.396484375000000000e-02
6.865234374999999722e-02
6.308593749999999445e-02
6.162109375000000139e-02
5.761718750000000000e-02
6.220703125000000278e-02
6.005859375000000000e-02
5.996093749999999861e-02
5.908203125000000000e-02
5.683593750000000278e-02
5.742187499999999722e-02
5.292968750000000278e-02
5.644531249999999722e-02
5.205078124999999722e-02
5.136718750000000139e-02
4.902343750000000278e-02
4.951171875000000278e-02
4.873046874999999861e-02
4.746093750000000139e-02
4.746093750000000139e-02
4.365234375000000278e-02
4.912109374999999722e-02
4.511718750000000278e-02
4.570312499999999722e-02
4.072265625000000278e-02
4.121093750000000278e-02
4.248046875000000000e-02
3.974609375000000278e-02
3.740234374999999722e-02
3.378906250000000139e-02
3.652343749999999861e-02
3.681640625000000278e-02
3.486328125000000278e-02
3.525390625000000139e-02
3.300781249999999722e-02
3.583984375000000278e-02
3.066406249999999861e-02
3.261718749999999861e-02
2.939453125000000139e-02
2.773437499999999861e-02
2.695312500000000139e-02
2.636718750000000000e-02
2.832031250000000000e-02
2.529296874999999861e-02
2.226562500000000069e-02
2.373046875000000069e-02
2.363281249999999931e-02
2.294921875000000000e-02
2.187499999999999861e-02
2.294921875000000000e-02
2.001953125000000000e-02
1.943359374999999861e-02
1.806640625000000000e-02
1.904296875000000000e-02
1.835937500000000069e-02
1.972656249999999931e-02
1.601562499999999861e-02
1.621093750000000139e-02
1.269531250000000000e-02
1.669921875000000139e-02
1.455078125000000035e-02
1.308593750000000035e-02
1.337890624999999931e-02
1.103515625000000069e-02
1.015625000000000035e-02
1.152343750000000069e-02
1.240234374999999931e-02
1.025390625000000000e-02
8.984374999999999306e-03
7.421874999999999653e-03
9.374999999999999653e-03
8.300781250000000000e-03
7.226562500000000347e-03
6.738281250000000347e-03
8.593750000000000694e-03
0.000000000000000000e+00
0.000000000000000000e+00
0.000000000000000000e+00
0.000000000000000000e+00
0.000000000000000000e+00
0.000000000000000000e+00
0.000000000000000000e+00
0.000000000000000000e+00
0.000000000000000000e+00
0.000000000000000000e+00
0.000000000000000000e+00
0.000000000000000000e+00
0.000000000000000000e+00
0.000000000000000000e+00
0.000000000000000000e+00
0.000000000000000000e+00
0.000000000000000000e+00
0.000000000000000000e+00
0.000000000000000000e+00
0.000000000000000000e+00
0.000000000000000000e+00
0.000000000000000000e+00
0.000000000000000000e+00
0.000000000000000000e+00
0.000000000000000000e+00
