0.000000000000000000e+00
0.000000000000000000e+00
0.000000000000000000e+00
0.000000000000000000e+00
0.000000000000000000e+00
0.000000000000000000e+00
0.000000000000000000e+00
0.000000000000000000e+00
0.000000000000000000e+00
0.000000000000000000e+00
0.000000000000000000e+00
0.000000000000000000e+00
0.000000000000000000e+00
0.000000000000000000e+00
0.000000000000000000e+00
0.000000000000000000e+00
0.000000000000000000e+00
0.000000000000000000e+00
0.000000000000000000e+00
0.000000000000000000e+00
0.000000000000000000e+00
0.000000000000000000e+00
0.000000000000000000e+00
0.000000000000000000e+00
0.000000000000000000e+00
6.835937500000000000e-03
4.492187499999999653e-03
6.640624999999999827e-03
8.203125000000000347e-03
1.015625000000000035e-02
1.005859375000000069e-02
1.083984374999999965e-02
1.044921874999999931e-02
1.191406249999999931e-02
1.308593750000000035e-02
1.035156249999999965e-02
1.064453125000000035e-02
1.259765625000000035e-02
1.445312500000000069e-02
1.601562499999999861e-02
1.328124999999999965e-02
1.767578125000000139e-02
1.699218749999999861e-02
1.972656249999999931e-02
1.874999999999999931e-02
1.874999999999999931e-02
1.982421875000000069e-02
1.982421875000000069e-02
2.382812499999999861e-02
2.226562500000000069e-02
2.382812499999999861e-02
2.431640624999999861e-02
2.314453124999999931e-02
2.412109374999999931e-02
2.558593749999999931e-02
2.509765624999999931e-02
2.587890625000000000e-02
2.792968750000000139e-02
2.646484375000000139e-02
3.281250000000000139e-02
2.900390624999999931e-02
2.978515625000000000e-02
3.408203124999999861e-02
3.378906250000000139e-02
3.544921874999999722e-02
3.242187500000000278e-02
3.486328125000000278e-02
3.281250000000000139e-02
3.837890624999999722e-02
3.437500000000000278e-02
4.179687499999999722e-02
3.886718749999999722e-02
4.199218750000000000e-02
4.179687499999999722e-02
4.628906249999999861e-02
4.433593749999999861e-02
3.984374999999999722e-02
4.550781250000000139e-02
4.492187500000000000e-02
4.882812500000000000e-02
4.472656249999999722e-02
4.804687500000000278e-02
5.283203125000000139e-02
5.371093750000000000e-02
5.380859375000000139e-02
5.419921875000000000e-02
5.312499999999999861e-02
5.693359374999999722e-02
5.625000000000000139e-02
5.820312500000000139e-02
5.781250000000000278e-02
5.800781249999999861e-02
6.035156249999999722e-02
5.830078125000000278e-02
6.923828125000000555e-02
6.601562499999999445e-02
6.679687500000000555e-02
6.816406249999999722e-02
6.699218749999999445e-02
6.503906249999999445e-02
6.953125000000000278e-02
6.738281250000000000e-02
6.865234374999999722e-02
7.099609375000000278e-02
7.236328124999999445e-02
7.392578125000000278e-02
7.285156249999999445e-02
7.490234375000000278e-02
7.236328124999999445e-02
8.085937499999999722e-02
7.607421875000000555e-02
7.871093749999999445e-02
8.232421874999999722e-02
8.476562499999999722e-02
8.183593749999999722e-02
8.388671875000000555e-02
8.203125000000000000e-02
8.115234374999999445e-02
8.945312499999999445e-02
8.906250000000000278e-02
9.160156249999999722e-02
9.414062500000000555e-02
9.228515625000000000e-02
9.414062500000000555e-02
9.091796874999999445e-02
9.365234375000000555e-02
9.785156250000000278e-02
9.882812500000000278e-02
9.853515625000000555e-02
9.785156250000000278e-02
9.248046875000000278e-02
1.022460937500000028e-01
9.746093749999999722e-02
9.638671875000000278e-02
9.677734374999999445e-02
1.077148437499999972e-01
1.107421875000000056e-01
9.902343750000000555e-02
1.027343750000000028e-01
1.020507812500000000e-01
1.047851562499999972e-01
1.030273437500000000e-01
1.053710937500000056e-01
1.069335937500000000e-01
1.103515625000000000e-01
1.088867187500000000e-01
1.138671874999999944e-01
1.098632812500000000e-01
1.113281250000000000e-01
1.179687499999999972e-01
1.170898437500000056e-01
1.178710937500000028e-01
1.144531250000000028e-01
1.144531250000000028e-01
1.088867187500000000e-01
1.126953125000000056e-01
1.169921874999999972e-01
1.152343750000000000e-01
1.193359375000000028e-01
1.215820312500000000e-01
1.146484375000000056e-01
1.163085937499999944e-01
1.209960937500000056e-01
1.188476562500000028e-01
1.198242187500000028e-01
1.281249999999999889e-01
1.163085937499999944e-01
1.267578125000000111e-01
1.257812500000000111e-01
1.284179687500000000e-01
1.282226562500000111e-01
1.272460937500000111e-01
1.253906250000000056e-01
1.296875000000000111e-01
1.229492187500000056e-01
1.178710937500000028e-01
1.270507812499999944e-01
1.325195312499999889e-01
1.268554687500000056e-01
1.264648437500000000e-01
1.292968750000000056e-01
1.282226562500000111e-01
1.324218749999999944e-01
1.370117187500000111e-01
1.340820312500000111e-01
1.269531250000000000e-01
1.276367187499999889e-01
1.204101562499999972e-01
1.315429687499999889e-01
1.316406250000000111e-01
1.314453124999999944e-01
1.362304687500000000e-01
1.395507812500000056e-01
1.286132812499999889e-01
1.330078124999999889e-01
1.374023437499999889e-01
1.323242187500000000e-01
1.418945312500000111e-01
1.323242187500000000e-01
1.330078124999999889e-01
1.318359375000000000e-01
1.368164062499999944e-01
1.327148437500000056e-01
1.336914062500000056e-01
1.368164062499999944e-01
1.396484375000000000e-01
1.327148437500000056e-01
1.421874999999999944e-01
1.394531250000000111e-01
1.339843749999999889e-01
1.394531250000000111e-01
1.357421875000000000e-01
1.393554687499999889e-01
1.321289062500000111e-01
1.394531250000000111e-01
1.371093750000000056e-01
1.352539062500000000e-01
1.436523437499999944e-01
1.344726562499999889e-01
1.401367187500000000e-01
1.397460937499999944e-01
1.387695312499999944e-01
1.401367187500000000e-01
1.342773437500000000e-01
1.457031249999999889e-01
1.365234375000000111e-01
1.414062500000000111e-01
1.310546874999999889e-01
1.374023437499999889e-01
1.335937500000000111e-01
1.303710937500000000e-01
1.366210937500000056e-01
1.324218749999999944e-01
1.358398437499999944e-01
1.360351562500000111e-01
1.411132812500000000e-01
1.337890625000000000e-01
1.399414062500000111e-01
1.415039062500000056e-01
1.366210937500000056e-01
1.384765625000000111e-01
1.318359375000000000e-01
1.308593750000000000e-01
1.325195312499999889e-01
1.359374999999999889e-01
1.358398437499999944e-01
1.341796875000000056e-01
1.311523437500000111e-01
1.237304687500000028e-01
1.301757812500000111e-01
1.359374999999999889e-01
1.316406250000000111e-01
1.333007812500000000e-01
1.304687499999999944e-01
1.336914062500000056e-01
1.328125000000000000e-01
1.240234375000000000e-01
1.327148437500000056e-01
1.383789062499999889e-01
1.291015624999999889e-01
1.281249999999999889e-01
1.404296875000000111e-01
1.328125000000000000e-01
1.304687499999999944e-01
1.274414062500000000e-01
1.356445312500000056e-01
1.262695312500000111e-01
1.291992187500000111e-01
1.290039062499999944e-01
1.346679687500000056e-01
1.326171875000000111e-01
1.233398437499999972e-01
1.273437500000000056e-01
1.302734375000000056e-01
1.330078124999999889e-01
1.285156249999999944e-01
1.280273437499999944e-01
1.314453124999999944e-01
1.220703125000000000e-01
1.272460937500000111e-01
1.280273437499999944e-01
1.262695312500000111e-01
1.221679687499999944e-01
1.297851562500000056e-01
1.276367187499999889e-01
1.211914062499999944e-01
1.219726562500000056e-01
1.295898437499999889e-01
1.213867187499999972e-01
1.285156249999999944e-01
1.303710937500000000e-01
1.215820312500000000e-01
1.247070312500000028e-01
1.230468750000000000e-01
1.204101562499999972e-01
1.225585937500000000e-01
1.257812500000000111e-01
1.202148437499999944e-01
1.241210937499999944e-01
1.271484374999999889e-01
1.230468750000000000e-01
1.210937500000000000e-01
1.204101562499999972e-01
1.195312500000000056e-01
1.183593750000000028e-01
1.218749999999999972e-01
1.245117187500000000e-01
1.238281249999999972e-01
1.179687499999999972e-01
1.156250000000000056e-01
1.225585937500000000e-01
1.164062500000000028e-01
1.246093749999999944e-01
1.215820312500000000e-01
1.177734374999999944e-01
1.196289062500000000e-01
1.207031249999999944e-01
1.166015625000000056e-01
1.156250000000000056e-01
1.193359375000000028e-01
1.163085937499999944e-01
1.205078125000000056e-01
1.201171875000000000e-01
1.186523437500000000e-01
1.129882812500000028e-01
1.171875000000000000e-01
1.222656250000000028e-01
1.148437499999999944e-01
1.189453124999999972e-01
1.177734374999999944e-01
1.144531250000000028e-01
1.198242187500000028e-01
1.130859374999999972e-01
1.148437499999999944e-01
1.188476562500000028e-01
1.173828125000000028e-01
1.123046875000000000e-01
1.190429687500000056e-01
1.185546875000000056e-01
1.181640625000000000e-01
1.204101562499999972e-01
1.164062500000000028e-01
1.143554687499999944e-01
1.142578125000000000e-01
1.210937500000000000e-01
1.184570312499999972e-01
1.177734374999999944e-01
1.164062500000000028e-01
1.140624999999999972e-01
1.097656250000000056e-01
1.148437499999999944e-01
1.160156249999999972e-01
1.111328124999999972e-01
1.193359375000000028e-01
1.137695312500000000e-01
1.216796874999999944e-01
1.171875000000000000e-01
1.119140624999999944e-01
1.141601562500000056e-01
1.056640625000000028e-01
1.151367187500000056e-01
1.209960937500000056e-01
1.076171875000000028e-01
1.181640625000000000e-01
1.128906249999999944e-01
1.133789062499999944e-01
1.175781250000000056e-01
1.161132812500000056e-01
1.165039062499999972e-01
1.174804687499999972e-01
1.177734374999999944e-01
1.096679687499999972e-01
1.124023437499999944e-01
1.152343750000000000e-01
1.153320312499999944e-01
1.182617187499999944e-01
1.158203124999999944e-01
1.208984374999999972e-01
1.190429687500000056e-01
1.142578125000000000e-01
1.174804687499999972e-01
1.144531250000000028e-01
1.119140624999999944e-01
1.196289062500000000e-01
1.115234375000000028e-01
1.163085937499999944e-01
1.176757812500000000e-01
1.144531250000000028e-01
1.180664062500000056e-01
1.135742187499999972e-01
1.090820312500000028e-01
1.121093749999999972e-01
1.120117187500000028e-01
1.183593750000000028e-01
1.199218749999999972e-01
1.101562499999999972e-01
1.169921874999999972e-01
1.143554687499999944e-01
1.160156249999999972e-01
1.133789062499999944e-01
1.140624999999999972e-01
1.185546875000000056e-01
1.115234375000000028e-01
1.126953125000000056e-01
1.197265624999999944e-01
1.106445312499999972e-01
1.100585937500000028e-01
1.219726562500000056e-01
1.136718750000000056e-01
1.109374999999999944e-01
1.185546875000000056e-01
1.196289062500000000e-01
1.208007812500000028e-01
1.170898437500000056e-01
1.216796874999999944e-01
1.101562499999999972e-01
1.140624999999999972e-01
1.122070312500000056e-01
1.176757812500000000e-01
1.237304687500000028e-01
1.169921874999999972e-01
1.117187500000000056e-01
1.196289062500000000e-01
1.196289062500000000e-01
1.161132812500000056e-01
1.165039062499999972e-01
1.175781250000000056e-01
1.161132812500000056e-01
1.223632812499999972e-01
1.214843750000000056e-01
1.126953125000000056e-01
1.217773437500000028e-01
1.178710937500000028e-01
1.183593750000000028e-01
1.127929687500000000e-01
1.143554687499999944e-01
1.154296875000000028e-01
1.144531250000000028e-01
1.207031249999999944e-01
1.191406250000000000e-01
1.192382812499999944e-01
1.169921874999999972e-01
1.251953124999999889e-01
1.206054687500000000e-01
1.153320312499999944e-01
1.163085937499999944e-01
1.147460937500000000e-01
1.103515625000000000e-01
1.246093749999999944e-01
1.225585937500000000e-01
1.200195312500000056e-01
1.253906250000000056e-01
1.269531250000000000e-01
1.247070312500000028e-01
1.201171875000000000e-01
1.170898437500000056e-01
1.196289062500000000e-01
1.193359375000000028e-01
1.148437499999999944e-01
1.212890625000000028e-01
1.130859374999999972e-01
1.253906250000000056e-01
1.216796874999999944e-01
1.230468750000000000e-01
1.210937500000000000e-01
1.195312500000000056e-01
1.240234375000000000e-01
1.171875000000000000e-01
1.172851562499999944e-01
1.188476562500000028e-01
1.185546875000000056e-01
1.133789062499999944e-01
1.245117187500000000e-01
1.171875000000000000e-01
1.167968749999999944e-01
1.249023437500000056e-01
1.137695312500000000e-01
1.172851562499999944e-01
1.185546875000000056e-01
1.184570312499999972e-01
1.208007812500000028e-01
1.147460937500000000e-01
1.187499999999999944e-01
1.197265624999999944e-01
1.228515624999999972e-01
1.265624999999999944e-01
1.210937500000000000e-01
1.187499999999999944e-01
1.206054687500000000e-01
1.198242187500000028e-01
1.198242187500000028e-01
1.184570312499999972e-01
1.222656250000000028e-01
1.210937500000000000e-01
1.206054687500000000e-01
1.237304687500000028e-01
1.222656250000000028e-01
1.209960937500000056e-01
1.165039062499999972e-01
1.215820312500000000e-01
1.238281249999999972e-01
1.235351562500000000e-01
1.206054687500000000e-01
1.217773437500000028e-01
1.202148437499999944e-01
1.203125000000000028e-01
1.124023437499999944e-01
1.232421875000000028e-01
1.246093749999999944e-01
1.258789062500000056e-01
1.255859374999999944e-01
1.216796874999999944e-01
1.136718750000000056e-01
1.222656250000000028e-01
1.217773437500000028e-01
1.238281249999999972e-01
1.140624999999999972e-01
1.224609375000000056e-01
1.151367187500000056e-01
1.168945312500000028e-01
1.245117187500000000e-01
1.220703125000000000e-01
1.186523437500000000e-01
1.170898437500000056e-01
1.172851562499999944e-01
1.235351562500000000e-01
1.198242187500000028e-01
1.295898437499999889e-01
1.159179687500000028e-01
1.187499999999999944e-01
1.128906249999999944e-01
1.197265624999999944e-01
1.148437499999999944e-01
1.168945312500000028e-01
1.215820312500000000e-01
1.177734374999999944e-01
1.179687499999999972e-01
1.172851562499999944e-01
1.200195312500000056e-01
1.189453124999999972e-01
1.191406250000000000e-01
1.174804687499999972e-01
1.228515624999999972e-01
1.197265624999999944e-01
1.202148437499999944e-01
1.134765625000000028e-01
1.178710937500000028e-01
1.175781250000000056e-01
1.188476562500000028e-01
1.191406250000000000e-01
1.250976562499999944e-01
1.180664062500000056e-01
1.131835937500000056e-01
1.270507812499999944e-01
1.215820312500000000e-01
1.186523437500000000e-01
1.199218749999999972e-01
1.193359375000000028e-01
1.219726562500000056e-01
1.166992187500000000e-01
1.242187500000000028e-01
1.180664062500000056e-01
1.185546875000000056e-01
1.141601562500000056e-01
1.155273437499999972e-01
1.148437499999999944e-01
1.184570312499999972e-01
1.160156249999999972e-01
1.176757812500000000e-01
1.224609375000000056e-01
1.143554687499999944e-01
1.185546875000000056e-01
1.171875000000000000e-01
1.197265624999999944e-01
1.179687499999999972e-01
1.131835937500000056e-01
1.165039062499999972e-01
1.164062500000000028e-01
1.180664062500000056e-01
1.131835937500000056e-01
1.130859374999999972e-01
1.156250000000000056e-01
1.161132812500000056e-01
1.144531250000000028e-01
1.178710937500000028e-01
1.113281250000000000e-01
1.213867187499999972e-01
1.181640625000000000e-01
1.152343750000000000e-01
1.140624999999999972e-01
1.121093749999999972e-01
1.182617187499999944e-01
1.141601562500000056e-01
1.129882812500000028e-01
1.158203124999999944e-01
1.131835937500000056e-01
1.119140624999999944e-01
1.250000000000000000e-01
1.163085937499999944e-01
1.150390624999999972e-01
1.151367187500000056e-01
1.184570312499999972e-01
1.211914062499999944e-01
1.157226562500000000e-01
1.128906249999999944e-01
1.139648437500000028e-01
1.191406250000000000e-01
1.171875000000000000e-01
1.170898437500000056e-01
1.218749999999999972e-01
1.165039062499999972e-01
1.141601562500000056e-01
1.120117187500000028e-01
1.096679687499999972e-01
1.118164062500000000e-01
1.150390624999999972e-01
1.124023437499999944e-01
1.098632812500000000e-01
1.190429687500000056e-01
1.190429687500000056e-01
1.132812500000000000e-01
1.176757812500000000e-01
1.150390624999999972e-01
1.191406250000000000e-01
1.140624999999999972e-01
1.106445312499999972e-01
1.062499999999999972e-01
1.106445312499999972e-01
1.150390624999999972e-01
1.215820312500000000e-01
1.109374999999999944e-01
1.163085937499999944e-01
1.130859374999999972e-01
1.168945312500000028e-01
1.129882812500000028e-01
1.159179687500000028e-01
1.161132812500000056e-01
1.144531250000000028e-01
1.178710937500000028e-01
1.161132812500000056e-01
1.214843750000000056e-01
1.123046875000000000e-01
1.143554687499999944e-01
1.117187500000000056e-01
1.180664062500000056e-01
1.176757812500000000e-01
1.156250000000000056e-01
1.162109375000000000e-01
1.094726562499999944e-01
1.104492187499999944e-01
1.086914062499999972e-01
1.155273437499999972e-01
1.195312500000000056e-01
1.189453124999999972e-01
1.206054687500000000e-01
1.193359375000000028e-01
1.167968749999999944e-01
1.183593750000000028e-01
1.165039062499999972e-01
1.109374999999999944e-01
1.153320312499999944e-01
1.125976562499999972e-01
1.164062500000000028e-01
1.174804687499999972e-01
1.174804687499999972e-01
1.131835937500000056e-01
1.161132812500000056e-01
1.125976562499999972e-01
1.170898437500000056e-01
1.152343750000000000e-01
1.139648437500000028e-01
1.186523437500000000e-01
1.161132812500000056e-01
1.099609374999999944e-01
1.129882812500000028e-01
1.245117187500000000e-01
1.159179687500000028e-01
1.141601562500000056e-01
1.205078125000000056e-01
1.180664062500000056e-01
1.175781250000000056e-01
1.205078125000000056e-01
1.219726562500000056e-01
1.253906250000000056e-01
1.197265624999999944e-01
1.183593750000000028e-01
1.261718749999999889e-01
1.166015625000000056e-01
1.195312500000000056e-01
1.227539062500000028e-01
1.235351562500000000e-01
1.193359375000000028e-01
1.222656250000000028e-01
1.162109375000000000e-01
1.188476562500000028e-01
1.224609375000000056e-01
1.220703125000000000e-01
1.212890625000000028e-01
1.227539062500000028e-01
1.241210937499999944e-01
1.266601562499999889e-01
1.172851562499999944e-01
1.246093749999999944e-01
1.188476562500000028e-01
1.201171875000000000e-01
1.259765625000000000e-01
1.253906250000000056e-01
1.299804687499999944e-01
1.203125000000000028e-01
1.251953124999999889e-01
1.264648437500000000e-01
1.305664062499999889e-01
1.229492187500000056e-01
1.220703125000000000e-01
1.231445312499999944e-01
1.306640625000000111e-01
1.281249999999999889e-01
1.259765625000000000e-01
1.240234375000000000e-01
1.228515624999999972e-01
1.282226562500000111e-01
1.237304687500000028e-01
1.257812500000000111e-01
1.246093749999999944e-01
1.290039062499999944e-01
1.307617187500000056e-01
1.304687499999999944e-01
1.307617187500000056e-01
1.329101562499999944e-01
1.270507812499999944e-01
1.313476562500000000e-01
1.313476562500000000e-01
1.289062500000000000e-01
1.238281249999999972e-01
1.284179687500000000e-01
1.343749999999999944e-01
1.220703125000000000e-01
1.359374999999999889e-01
1.341796875000000056e-01
1.367187500000000000e-01
1.208007812500000028e-01
1.225585937500000000e-01
1.287109375000000111e-01
1.332031250000000056e-01
1.298828125000000000e-01
1.324218749999999944e-01
1.384765625000000111e-01
1.407226562499999944e-01
1.341796875000000056e-01
1.374023437499999889e-01
1.263671875000000056e-01
1.333007812500000000e-01
1.392578124999999944e-01
1.321289062500000111e-01
1.320312499999999889e-01
1.305664062499999889e-01
1.390625000000000056e-01
1.312500000000000056e-01
1.357421875000000000e-01
1.293945312500000000e-01
1.348632812499999944e-01
1.372070312500000000e-01
1.376953125000000000e-01
1.357421875000000000e-01
1.347656250000000000e-01
1.373046874999999944e-01
1.410156250000000056e-01
1.363281249999999944e-01
1.304687499999999944e-01
1.333984374999999944e-01
1.365234375000000111e-01
1.370117187500000111e-01
1.327148437500000056e-01
1.419921875000000056e-01
1.386718750000000000e-01
1.390625000000000056e-01
1.345703125000000111e-01
1.375000000000000111e-01
1.344726562499999889e-01
1.307617187500000056e-01
1.397460937499999944e-01
1.335937500000000111e-01
1.367187500000000000e-01
1.325195312499999889e-01
1.296875000000000111e-01
1.370117187500000111e-01
1.301757812500000111e-01
1.366210937500000056e-01
1.312500000000000056e-01
1.337890625000000000e-01
1.288085937500000056e-01
1.429687500000000056e-01
1.372070312500000000e-01
1.407226562499999944e-01
1.343749999999999944e-01
1.354492187499999889e-01
1.276367187499999889e-01
1.306640625000000111e-01
1.362304687500000000e-01
1.333984374999999944e-01
1.318359375000000000e-01
1.344726562499999889e-01
1.283203125000000056e-01
1.340820312500000111e-01
1.292968750000000056e-01
1.330078124999999889e-01
1.357421875000000000e-01
1.325195312499999889e-01
1.316406250000000111e-01
1.310546874999999889e-01
1.285156249999999944e-01
1.312500000000000056e-01
1.275390624999999944e-01
1.361328125000000056e-01
1.291992187500000111e-01
1.302734375000000056e-01
1.354492187499999889e-01
1.285156249999999944e-01
1.287109375000000111e-01
1.246093749999999944e-01
1.280273437499999944e-01
1.255859374999999944e-01
1.242187500000000028e-01
1.277343750000000111e-01
1.266601562499999889e-01
1.298828125000000000e-01
1.233398437499999972e-01
1.245117187500000000e-01
1.206054687500000000e-01
1.178710937500000028e-01
1.194335937499999972e-01
1.238281249999999972e-01
1.183593750000000028e-01
1.178710937500000028e-01
1.222656250000000028e-01
1.226562499999999944e-01
1.174804687499999972e-01
1.208007812500000028e-01
1.148437499999999944e-01
1.164062500000000028e-01
1.142578125000000000e-01
1.148437499999999944e-01
1.164062500000000028e-01
1.138671874999999944e-01
1.069335937500000000e-01
1.082031249999999972e-01
1.163085937499999944e-01
1.110351562500000028e-01
1.127929687500000000e-01
1.093750000000000000e-01
1.074218750000000000e-01
1.076171875000000028e-01
1.084960937499999944e-01
1.131835937500000056e-01
1.109374999999999944e-01
1.034179687500000056e-01
1.042968749999999972e-01
1.106445312499999972e-01
1.082031249999999972e-01
1.054687500000000000e-01
1.050781249999999944e-01
9.921874999999999445e-02
9.960937500000000000e-02
1.000976562500000000e-01
9.726562499999999445e-02
9.072265625000000555e-02
9.912109375000000000e-02
9.736328125000000278e-02
9.238281249999999445e-02
9.306640624999999722e-02
9.414062500000000555e-02
9.101562500000000278e-02
9.365234375000000555e-02
9.072265625000000555e-02
8.867187499999999722e-02
9.375000000000000000e-02
8.193359375000000555e-02
8.769531249999999722e-02
9.189453124999999445e-02
8.554687499999999445e-02
8.437500000000000555e-02
8.378906249999999722e-02
8.759765625000000278e-02
8.417968750000000278e-02
7.744140624999999722e-02
8.486328125000000555e-02
7.919921874999999445e-02
7.968749999999999445e-02
7.724609374999999445e-02
7.646484374999999722e-02
7.822265624999999445e-02
7.958984375000000000e-02
7.724609374999999445e-02
6.767578124999999722e-02
7.187499999999999445e-02
7.060546874999999722e-02
6.562500000000000278e-02
6.962890624999999722e-02
6.767578124999999722e-02
6.689453125000000000e-02
6.533203125000000555e-02
6.777343750000000555e-02
6.279296874999999722e-02
6.523437499999999722e-02
6.318359375000000278e-02
5.986328124999999722e-02
5.556640624999999861e-02
5.927734375000000278e-02
5.488281250000000278e-02
5.673828125000000139e-02
5.751953124999999861e-02
5.615234375000000000e-02
5.625000000000000139e-02
4.980468750000000000e-02
5.810546875000000000e-02
5.761718750000000000e-02
5.341796875000000278e-02
5.136718750000000139e-02
4.736328125000000000e-02
4.609375000000000278e-02
4.814453124999999722e-02
4.287109374999999861e-02
4.736328125000000000e-02
4.609375000000000278e-02
4.228515624999999722e-02
4.541015625000000000e-02
3.906250000000000000e-02
4.472656249999999722e-02
3.876953125000000278e-02
3.818359375000000139e-02
3.691406249999999722e-02
3.349609374999999722e-02
3.583984375000000278e-02
3.574218750000000139e-02
3.144531250000000278e-02
3.212890624999999861e-02
3.261718749999999861e-02
2.978515625000000000e-02
2.998046874999999931e-02
2.714843750000000069e-02
3.046874999999999931e-02
2.861328125000000069e-02
2.558593749999999931e-02
2.939453125000000139e-02
2.490234375000000000e-02
2.539062500000000000e-02
2.441406250000000000e-02
2.285156249999999861e-02
2.011718750000000139e-02
2.451171875000000139e-02
2.070312499999999931e-02
2.070312499999999931e-02
2.207031250000000139e-02
1.933593750000000069e-02
1.738281250000000069e-02
1.806640625000000000e-02
1.894531249999999861e-02
1.845703124999999861e-02
1.718750000000000139e-02
1.562500000000000000e-02
1.533203124999999931e-02
1.386718749999999931e-02
1.357421875000000035e-02
1.093749999999999931e-02
1.337890624999999931e-02
1.210937500000000035e-02
1.191406249999999931e-02
1.113281250000000035e-02
1.074218750000000000e-02
9.082031250000000694e-03
9.472656249999999306e-03
8.593750000000000694e-03
6.835937500000000000e-03
8.789062500000000000e-03
7.617187499999999827e-03
0.000000000000000000e+00
0.000000000000000000e+00
0.000000000000000000e+00
0.000000000000000000e+00
0.000000000000000000e+00
0.000000000000000000e+00
0.000000000000000000e+00
0.000000000000000000e+00
0.000000000000000000e+00
0.000000000000000000e+00
0.000000000000000000e+00
0.000000000000000000e+00
0.000000000000000000e+00
0.000000000000000000e+00
0.000000000000000000e+00
0.000000000000000000e+00
0.000000000000000000e+00
0.000000000000000000e+00
0.000000000000000000e+00
0.000000000000000000e+00
0.000000000000000000e+00
0.000000000000000000e+00
0.000000000000000000e+00
0.000000000000000000e+00
0.000000000000000000e+00
