0.000000000000000000e+00
0.000000000000000000e+00
0.000000000000000000e+00
0.000000000000000000e+00
0.000000000000000000e+00
0.000000000000000000e+00
0.000000000000000000e+00
0.000000000000000000e+00
0.000000000000000000e+00
0.000000000000000000e+00
0.000000000000000000e+00
0.000000000000000000e+00
0.000000000000000000e+00
0.000000000000000000e+00
0.000000000000000000e+00
0.000000000000000000e+00
0.000000000000000000e+00
0.000000000000000000e+00
0.000000000000000000e+00
0.000000000000000000e+00
0.000000000000000000e+00
0.000000000000000000e+00
0.000000000000000000e+00
0.000000000000000000e+00
0.000000000000000000e+00
8.105468750000000694e-03
7.324218750000000000e-03
8.300781250000000000e-03
9.667968750000000347e-03
8.496093749999999306e-03
9.082031250000000694e-03
9.863281249999999653e-03
1.132812499999999965e-02
9.960937499999999306e-03
1.201171875000000069e-02
1.318359375000000000e-02
1.132812499999999965e-02
1.591796875000000069e-02
1.396484375000000069e-02
1.367187500000000000e-02
1.708984375000000000e-02
1.748046874999999861e-02
2.021484374999999931e-02
1.699218749999999861e-02
1.816406250000000139e-02
1.806640625000000000e-02
2.021484374999999931e-02
1.992187499999999861e-02
1.992187499999999861e-02
1.972656249999999931e-02
2.255859375000000139e-02
2.148437500000000000e-02
2.431640624999999861e-02
2.324218750000000069e-02
2.792968750000000139e-02
2.519531250000000069e-02
2.910156250000000069e-02
2.480468749999999861e-02
2.851562499999999931e-02
3.066406249999999861e-02
2.871093749999999861e-02
3.027343750000000000e-02
3.173828125000000000e-02
3.369140625000000000e-02
3.300781249999999722e-02
3.173828125000000000e-02
3.486328125000000278e-02
3.564453125000000000e-02
3.359374999999999861e-02
3.710937500000000000e-02
3.613281250000000000e-02
3.691406249999999722e-02
3.945312499999999861e-02
4.462890625000000278e-02
4.101562500000000000e-02
4.306640625000000139e-02
4.755859375000000278e-02
4.394531250000000000e-02
4.531249999999999861e-02
4.960937499999999722e-02
4.824218749999999861e-02
5.322265625000000000e-02
4.599609375000000139e-02
5.048828125000000278e-02
4.951171875000000278e-02
5.585937500000000278e-02
5.400390624999999722e-02
5.224609375000000000e-02
5.849609374999999861e-02
5.527343750000000139e-02
5.468750000000000000e-02
6.005859375000000000e-02
5.986328124999999722e-02
6.240234374999999861e-02
5.986328124999999722e-02
6.474609374999999722e-02
6.093749999999999861e-02
6.376953124999999722e-02
6.650390624999999445e-02
6.806640625000000278e-02
6.611328125000000278e-02
6.806640625000000278e-02
7.324218750000000000e-02
6.943359374999999445e-02
6.865234374999999722e-02
7.255859374999999722e-02
7.226562500000000000e-02
7.265625000000000555e-02
7.587890625000000278e-02
7.578124999999999445e-02
7.460937500000000555e-02
7.548828124999999722e-02
7.666015625000000000e-02
7.539062500000000278e-02
7.734375000000000278e-02
8.164062499999999445e-02
8.623046874999999722e-02
8.701171874999999445e-02
8.203125000000000000e-02
8.779296875000000555e-02
8.417968750000000278e-02
8.994140624999999445e-02
8.378906249999999722e-02
8.603515624999999445e-02
9.257812499999999722e-02
8.496093750000000000e-02
8.994140624999999445e-02
9.091796874999999445e-02
9.443359375000000278e-02
9.433593749999999445e-02
9.628906249999999445e-02
9.902343750000000555e-02
9.511718750000000555e-02
9.912109375000000000e-02
1.014648437500000056e-01
9.785156250000000278e-02
9.716796875000000000e-02
1.041015624999999944e-01
1.011718749999999944e-01
1.007812500000000028e-01
1.019531250000000056e-01
1.045898437499999944e-01
9.375000000000000000e-02
1.024414062500000056e-01
1.093750000000000000e-01
1.036132812499999944e-01
1.128906249999999944e-01
1.121093749999999972e-01
1.124023437499999944e-01
1.102539062500000056e-01
1.041992187500000028e-01
1.126953125000000056e-01
1.101562499999999972e-01
1.147460937500000000e-01
1.165039062499999972e-01
1.128906249999999944e-01
1.221679687499999944e-01
1.134765625000000028e-01
1.126953125000000056e-01
1.133789062499999944e-01
1.160156249999999972e-01
1.205078125000000056e-01
1.156250000000000056e-01
1.177734374999999944e-01
1.177734374999999944e-01
1.172851562499999944e-01
1.180664062500000056e-01
1.271484374999999889e-01
1.208984374999999972e-01
1.189453124999999972e-01
1.202148437499999944e-01
1.241210937499999944e-01
1.274414062500000000e-01
1.242187500000000028e-01
1.254882812500000000e-01
1.260742187499999944e-01
1.315429687499999889e-01
1.269531250000000000e-01
1.289062500000000000e-01
1.262695312500000111e-01
1.291992187500000111e-01
1.170898437500000056e-01
1.215820312500000000e-01
1.234375000000000056e-01
1.288085937500000056e-01
1.275390624999999944e-01
1.305664062499999889e-01
1.285156249999999944e-01
1.356445312500000056e-01
1.354492187499999889e-01
1.285156249999999944e-01
1.299804687499999944e-01
1.309570312499999944e-01
1.306640625000000111e-01
1.246093749999999944e-01
1.331054687500000111e-01
1.308593750000000000e-01
1.275390624999999944e-01
1.372070312500000000e-01
1.347656250000000000e-01
1.365234375000000111e-01
1.389648437500000111e-01
1.292968750000000056e-01
1.336914062500000056e-01
1.311523437500000111e-01
1.400390625000000056e-01
1.370117187500000111e-01
1.332031250000000056e-01
1.315429687499999889e-01
1.356445312500000056e-01
1.376953125000000000e-01
1.257812500000000111e-01
1.340820312500000111e-01
1.368164062499999944e-01
1.366210937500000056e-01
1.347656250000000000e-01
1.317382812500000056e-01
1.323242187500000000e-01
1.346679687500000056e-01
1.431640624999999944e-01
1.320312499999999889e-01
1.338867187499999944e-01
1.361328125000000056e-01
1.356445312500000056e-01
1.436523437499999944e-01
1.367187500000000000e-01
1.329101562499999944e-01
1.344726562499999889e-01
1.351562500000000056e-01
1.331054687500000111e-01
1.326171875000000111e-01
1.376953125000000000e-01
1.344726562499999889e-01
1.282226562500000111e-01
1.329101562499999944e-01
1.380859375000000056e-01
1.318359375000000000e-01
1.357421875000000000e-01
1.349609374999999889e-01
1.358398437499999944e-01
1.390625000000000056e-01
1.291992187500000111e-01
1.362304687500000000e-01
1.331054687500000111e-01
1.312500000000000056e-01
1.411132812500000000e-01
1.362304687500000000e-01
1.350585937500000111e-01
1.306640625000000111e-01
1.321289062500000111e-01
1.332031250000000056e-01
1.349609374999999889e-01
1.347656250000000000e-01
1.297851562500000056e-01
1.366210937500000056e-01
1.321289062500000111e-01
1.364257812499999889e-01
1.296875000000000111e-01
1.290039062499999944e-01
1.360351562500000111e-01
1.376953125000000000e-01
1.323242187500000000e-01
1.291992187500000111e-01
1.351562500000000056e-01
1.351562500000000056e-01
1.243164062499999972e-01
1.335937500000000111e-01
1.367187500000000000e-01
1.302734375000000056e-01
1.294921874999999944e-01
1.274414062500000000e-01
1.272460937500000111e-01
1.269531250000000000e-01
1.265624999999999944e-01
1.297851562500000056e-01
1.261718749999999889e-01
1.291015624999999889e-01
1.263671875000000056e-01
1.260742187499999944e-01
1.246093749999999944e-01
1.256835937499999889e-01
1.251953124999999889e-01
1.283203125000000056e-01
1.300781249999999889e-01
1.257812500000000111e-01
1.258789062500000056e-01
1.256835937499999889e-01
1.287109375000000111e-01
1.277343750000000111e-01
1.227539062500000028e-01
1.262695312500000111e-01
1.287109375000000111e-01
1.303710937500000000e-01
1.229492187500000056e-01
1.259765625000000000e-01
1.333984374999999944e-01
1.231445312499999944e-01
1.225585937500000000e-01
1.261718749999999889e-01
1.296875000000000111e-01
1.249023437500000056e-01
1.274414062500000000e-01
1.243164062499999972e-01
1.283203125000000056e-01
1.230468750000000000e-01
1.231445312499999944e-01
1.202148437499999944e-01
1.223632812499999972e-01
1.210937500000000000e-01
1.195312500000000056e-01
1.232421875000000028e-01
1.214843750000000056e-01
1.201171875000000000e-01
1.272460937500000111e-01
1.211914062499999944e-01
1.182617187499999944e-01
1.224609375000000056e-01
1.229492187500000056e-01
1.220703125000000000e-01
1.262695312500000111e-01
1.238281249999999972e-01
1.254882812500000000e-01
1.100585937500000028e-01
1.150390624999999972e-01
1.160156249999999972e-01
1.204101562499999972e-01
1.156250000000000056e-01
1.211914062499999944e-01
1.233398437499999972e-01
1.163085937499999944e-01
1.182617187499999944e-01
1.183593750000000028e-01
1.166015625000000056e-01
1.197265624999999944e-01
1.148437499999999944e-01
1.222656250000000028e-01
1.250976562499999944e-01
1.144531250000000028e-01
1.157226562500000000e-01
1.143554687499999944e-01
1.244140625000000056e-01
1.181640625000000000e-01
1.194335937499999972e-01
1.196289062500000000e-01
1.151367187500000056e-01
1.208984374999999972e-01
1.187499999999999944e-01
1.194335937499999972e-01
1.178710937500000028e-01
1.123046875000000000e-01
1.140624999999999972e-01
1.119140624999999944e-01
1.190429687500000056e-01
1.215820312500000000e-01
1.202148437499999944e-01
1.181640625000000000e-01
1.098632812500000000e-01
1.164062500000000028e-01
1.109374999999999944e-01
1.248046874999999972e-01
1.129882812500000028e-01
1.177734374999999944e-01
1.217773437500000028e-01
1.193359375000000028e-01
1.136718750000000056e-01
1.208007812500000028e-01
1.124023437499999944e-01
1.172851562499999944e-01
1.172851562499999944e-01
1.181640625000000000e-01
1.151367187500000056e-01
1.141601562500000056e-01
1.155273437499999972e-01
1.207031249999999944e-01
1.137695312500000000e-01
1.182617187499999944e-01
1.215820312500000000e-01
1.142578125000000000e-01
1.179687499999999972e-01
1.175781250000000056e-01
1.112304687500000056e-01
1.167968749999999944e-01
1.180664062500000056e-01
1.202148437499999944e-01
1.226562499999999944e-01
1.151367187500000056e-01
1.162109375000000000e-01
1.131835937500000056e-01
1.133789062499999944e-01
1.250976562499999944e-01
1.215820312500000000e-01
1.143554687499999944e-01
1.204101562499999972e-01
1.120117187500000028e-01
1.120117187500000028e-01
1.176757812500000000e-01
1.214843750000000056e-01
1.170898437500000056e-01
1.143554687499999944e-01
1.162109375000000000e-01
1.163085937499999944e-01
1.081054687500000028e-01
1.205078125000000056e-01
1.146484375000000056e-01
1.209960937500000056e-01
1.195312500000000056e-01
1.185546875000000056e-01
1.143554687499999944e-01
1.110351562500000028e-01
1.229492187500000056e-01
1.168945312500000028e-01
1.195312500000000056e-01
1.182617187499999944e-01
1.166015625000000056e-01
1.196289062500000000e-01
1.166992187500000000e-01
1.178710937500000028e-01
1.186523437500000000e-01
1.177734374999999944e-01
1.118164062500000000e-01
1.170898437500000056e-01
1.187499999999999944e-01
1.178710937500000028e-01
1.205078125000000056e-01
1.218749999999999972e-01
1.232421875000000028e-01
1.237304687500000028e-01
1.166992187500000000e-01
1.158203124999999944e-01
1.136718750000000056e-01
1.168945312500000028e-01
1.164062500000000028e-01
1.166992187500000000e-01
1.209960937500000056e-01
1.167968749999999944e-01
1.229492187500000056e-01
1.157226562500000000e-01
1.247070312500000028e-01
1.214843750000000056e-01
1.183593750000000028e-01
1.145507812499999972e-01
1.177734374999999944e-01
1.178710937500000028e-01
1.145507812499999972e-01
1.191406250000000000e-01
1.215820312500000000e-01
1.192382812499999944e-01
1.149414062500000028e-01
1.203125000000000028e-01
1.139648437500000028e-01
1.208007812500000028e-01
1.182617187499999944e-01
1.192382812499999944e-01
1.224609375000000056e-01
1.176757812500000000e-01
1.191406250000000000e-01
1.215820312500000000e-01
1.173828125000000028e-01
1.183593750000000028e-01
1.196289062500000000e-01
1.163085937499999944e-01
1.198242187500000028e-01
1.200195312500000056e-01
1.227539062500000028e-01
1.189453124999999972e-01
1.179687499999999972e-01
1.140624999999999972e-01
1.182617187499999944e-01
1.217773437500000028e-01
1.222656250000000028e-01
1.180664062500000056e-01
1.245117187500000000e-01
1.252929687500000111e-01
1.194335937499999972e-01
1.221679687499999944e-01
1.125000000000000028e-01
1.234375000000000056e-01
1.173828125000000028e-01
1.162109375000000000e-01
1.234375000000000056e-01
1.187499999999999944e-01
1.203125000000000028e-01
1.220703125000000000e-01
1.171875000000000000e-01
1.222656250000000028e-01
1.242187500000000028e-01
1.245117187500000000e-01
1.199218749999999972e-01
1.167968749999999944e-01
1.262695312500000111e-01
1.238281249999999972e-01
1.208984374999999972e-01
1.204101562499999972e-01
1.226562499999999944e-01
1.178710937500000028e-01
1.221679687499999944e-01
1.217773437500000028e-01
1.160156249999999972e-01
1.211914062499999944e-01
1.200195312500000056e-01
1.213867187499999972e-01
1.232421875000000028e-01
1.242187500000000028e-01
1.242187500000000028e-01
1.216796874999999944e-01
1.157226562500000000e-01
1.219726562500000056e-01
1.121093749999999972e-01
1.205078125000000056e-01
1.203125000000000028e-01
1.201171875000000000e-01
1.227539062500000028e-01
1.219726562500000056e-01
1.250000000000000000e-01
1.236328124999999944e-01
1.200195312500000056e-01
1.158203124999999944e-01
1.173828125000000028e-01
1.184570312499999972e-01
1.197265624999999944e-01
1.209960937500000056e-01
1.137695312500000000e-01
1.250976562499999944e-01
1.187499999999999944e-01
1.231445312499999944e-01
1.249023437500000056e-01
1.155273437499999972e-01
1.150390624999999972e-01
1.151367187500000056e-01
1.247070312500000028e-01
1.246093749999999944e-01
1.196289062500000000e-01
1.258789062500000056e-01
1.227539062500000028e-01
1.194335937499999972e-01
1.173828125000000028e-01
1.204101562499999972e-01
1.148437499999999944e-01
1.167968749999999944e-01
1.222656250000000028e-01
1.177734374999999944e-01
1.180664062500000056e-01
1.232421875000000028e-01
1.236328124999999944e-01
1.161132812500000056e-01
1.212890625000000028e-01
1.166992187500000000e-01
1.165039062499999972e-01
1.233398437499999972e-01
1.197265624999999944e-01
1.166992187500000000e-01
1.209960937500000056e-01
1.155273437499999972e-01
1.170898437500000056e-01
1.202148437499999944e-01
1.191406250000000000e-01
1.238281249999999972e-01
1.147460937500000000e-01
1.189453124999999972e-01
1.194335937499999972e-01
1.147460937500000000e-01
1.194335937499999972e-01
1.133789062499999944e-01
1.181640625000000000e-01
1.145507812499999972e-01
1.150390624999999972e-01
1.176757812500000000e-01
1.180664062500000056e-01
1.183593750000000028e-01
1.144531250000000028e-01
1.193359375000000028e-01
1.151367187500000056e-01
1.230468750000000000e-01
1.144531250000000028e-01
1.174804687499999972e-01
1.096679687499999972e-01
1.171875000000000000e-01
1.150390624999999972e-01
1.140624999999999972e-01
1.148437499999999944e-01
1.141601562500000056e-01
1.167968749999999944e-01
1.154296875000000028e-01
1.189453124999999972e-01
1.160156249999999972e-01
1.199218749999999972e-01
1.111328124999999972e-01
1.212890625000000028e-01
1.168945312500000028e-01
1.157226562500000000e-01
1.212890625000000028e-01
1.124023437499999944e-01
1.142578125000000000e-01
1.196289062500000000e-01
1.167968749999999944e-01
1.165039062499999972e-01
1.167968749999999944e-01
1.209960937500000056e-01
1.160156249999999972e-01
1.160156249999999972e-01
1.127929687500000000e-01
1.126953125000000056e-01
1.136718750000000056e-01
1.158203124999999944e-01
1.084960937499999944e-01
1.117187500000000056e-01
1.164062500000000028e-01
1.107421875000000056e-01
1.115234375000000028e-01
1.089843749999999944e-01
1.175781250000000056e-01
1.180664062500000056e-01
1.111328124999999972e-01
1.125976562499999972e-01
1.129882812500000028e-01
1.118164062500000000e-01
1.119140624999999944e-01
1.142578125000000000e-01
1.182617187499999944e-01
1.141601562500000056e-01
1.140624999999999972e-01
1.173828125000000028e-01
1.154296875000000028e-01
1.126953125000000056e-01
1.151367187500000056e-01
1.169921874999999972e-01
1.171875000000000000e-01
1.180664062500000056e-01
1.127929687500000000e-01
1.133789062499999944e-01
1.127929687500000000e-01
1.154296875000000028e-01
1.173828125000000028e-01
1.084960937499999944e-01
1.116210937499999972e-01
1.113281250000000000e-01
1.165039062499999972e-01
1.063476562500000056e-01
1.098632812500000000e-01
1.122070312500000056e-01
1.187499999999999944e-01
1.164062500000000028e-01
1.087890625000000056e-01
1.185546875000000056e-01
1.146484375000000056e-01
1.168945312500000028e-01
1.155273437499999972e-01
1.171875000000000000e-01
1.173828125000000028e-01
1.118164062500000000e-01
1.118164062500000000e-01
1.179687499999999972e-01
1.176757812500000000e-01
1.143554687499999944e-01
1.129882812500000028e-01
1.152343750000000000e-01
1.190429687500000056e-01
1.185546875000000056e-01
1.138671874999999944e-01
1.126953125000000056e-01
1.182617187499999944e-01
1.075195312499999944e-01
1.194335937499999972e-01
1.114257812499999944e-01
1.161132812500000056e-01
1.166015625000000056e-01
1.204101562499999972e-01
1.122070312500000056e-01
1.201171875000000000e-01
1.236328124999999944e-01
1.212890625000000028e-01
1.181640625000000000e-01
1.167968749999999944e-01
1.198242187500000028e-01
1.184570312499999972e-01
1.173828125000000028e-01
1.214843750000000056e-01
1.152343750000000000e-01
1.221679687499999944e-01
1.138671874999999944e-01
1.142578125000000000e-01
1.215820312500000000e-01
1.210937500000000000e-01
1.173828125000000028e-01
1.228515624999999972e-01
1.131835937500000056e-01
1.215820312500000000e-01
1.215820312500000000e-01
1.225585937500000000e-01
1.183593750000000028e-01
1.240234375000000000e-01
1.185546875000000056e-01
1.175781250000000056e-01
1.226562499999999944e-01
1.228515624999999972e-01
1.263671875000000056e-01
1.231445312499999944e-01
1.303710937500000000e-01
1.229492187500000056e-01
1.225585937500000000e-01
1.265624999999999944e-01
1.278320312500000056e-01
1.261718749999999889e-01
1.211914062499999944e-01
1.214843750000000056e-01
1.213867187499999972e-01
1.221679687499999944e-01
1.260742187499999944e-01
1.232421875000000028e-01
1.319335937499999944e-01
1.238281249999999972e-01
1.252929687500000111e-01
1.278320312500000056e-01
1.260742187499999944e-01
1.291992187500000111e-01
1.254882812500000000e-01
1.299804687499999944e-01
1.279296875000000000e-01
1.296875000000000111e-01
1.319335937499999944e-01
1.361328125000000056e-01
1.341796875000000056e-01
1.265624999999999944e-01
1.280273437499999944e-01
1.297851562500000056e-01
1.304687499999999944e-01
1.310546874999999889e-01
1.208984374999999972e-01
1.303710937500000000e-01
1.291015624999999889e-01
1.251953124999999889e-01
1.311523437500000111e-01
1.290039062499999944e-01
1.310546874999999889e-01
1.298828125000000000e-01
1.325195312499999889e-01
1.312500000000000056e-01
1.295898437499999889e-01
1.332031250000000056e-01
1.338867187499999944e-01
1.379882812500000111e-01
1.298828125000000000e-01
1.311523437500000111e-01
1.322265625000000056e-01
1.343749999999999944e-01
1.319335937499999944e-01
1.329101562499999944e-01
1.322265625000000056e-01
1.273437500000000056e-01
1.345703125000000111e-01
1.389648437500000111e-01
1.416992187499999944e-01
1.386718750000000000e-01
1.357421875000000000e-01
1.283203125000000056e-01
1.365234375000000111e-01
1.327148437500000056e-01
1.383789062499999889e-01
1.310546874999999889e-01
1.372070312500000000e-01
1.357421875000000000e-01
1.390625000000000056e-01
1.329101562499999944e-01
1.368164062499999944e-01
1.311523437500000111e-01
1.366210937500000056e-01
1.340820312500000111e-01
1.371093750000000056e-01
1.393554687499999889e-01
1.333984374999999944e-01
1.332031250000000056e-01
1.380859375000000056e-01
1.398437499999999889e-01
1.390625000000000056e-01
1.373046874999999944e-01
1.321289062500000111e-01
1.345703125000000111e-01
1.429687500000000056e-01
1.371093750000000056e-01
1.330078124999999889e-01
1.339843749999999889e-01
1.409179687500000111e-01
1.390625000000000056e-01
1.294921874999999944e-01
1.379882812500000111e-01
1.344726562499999889e-01
1.328125000000000000e-01
1.343749999999999944e-01
1.313476562500000000e-01
1.350585937500000111e-01
1.352539062500000000e-01
1.350585937500000111e-01
1.351562500000000056e-01
1.372070312500000000e-01
1.352539062500000000e-01
1.379882812500000111e-01
1.282226562500000111e-01
1.414062500000000111e-01
1.324218749999999944e-01
1.370117187500000111e-01
1.294921874999999944e-01
1.355468750000000111e-01
1.301757812500000111e-01
1.349609374999999889e-01
1.292968750000000056e-01
1.292968750000000056e-01
1.368164062499999944e-01
1.359374999999999889e-01
1.306640625000000111e-01
1.298828125000000000e-01
1.342773437500000000e-01
1.230468750000000000e-01
1.281249999999999889e-01
1.284179687500000000e-01
1.321289062500000111e-01
1.286132812499999889e-01
1.282226562500000111e-01
1.287109375000000111e-01
1.315429687499999889e-01
1.262695312500000111e-01
1.278320312500000056e-01
1.262695312500000111e-01
1.275390624999999944e-01
1.233398437499999972e-01
1.271484374999999889e-01
1.256835937499999889e-01
1.318359375000000000e-01
1.271484374999999889e-01
1.198242187500000028e-01
1.277343750000000111e-01
1.251953124999999889e-01
1.255859374999999944e-01
1.155273437499999972e-01
1.178710937500000028e-01
1.210937500000000000e-01
1.146484375000000056e-01
1.192382812499999944e-01
1.169921874999999972e-01
1.192382812499999944e-01
1.198242187500000028e-01
1.180664062500000056e-01
1.163085937499999944e-01
1.134765625000000028e-01
1.164062500000000028e-01
1.076171875000000028e-01
1.112304687500000056e-01
1.148437499999999944e-01
1.107421875000000056e-01
1.103515625000000000e-01
1.164062500000000028e-01
1.066406250000000028e-01
1.055664062499999944e-01
1.083984375000000000e-01
1.047851562499999972e-01
1.064453125000000000e-01
1.046875000000000028e-01
1.056640625000000028e-01
1.012695312500000028e-01
1.000000000000000056e-01
1.057617187499999972e-01
1.025390625000000000e-01
1.011718749999999944e-01
9.951171875000000555e-02
9.648437499999999722e-02
9.677734374999999445e-02
1.033203124999999972e-01
9.687500000000000278e-02
9.707031250000000555e-02
9.960937500000000000e-02
9.404296874999999722e-02
9.365234375000000555e-02
9.130859375000000000e-02
9.833984375000000278e-02
8.994140624999999445e-02
8.691406250000000000e-02
8.964843749999999722e-02
8.642578125000000000e-02
8.759765625000000278e-02
8.486328125000000555e-02
8.115234374999999445e-02
8.535156250000000555e-02
8.027343750000000278e-02
8.496093750000000000e-02
8.749999999999999445e-02
8.388671875000000555e-02
7.812500000000000000e-02
8.320312500000000278e-02
7.968749999999999445e-02
7.412109375000000555e-02
7.841796874999999722e-02
7.304687499999999722e-02
7.617187500000000000e-02
7.324218750000000000e-02
7.070312500000000555e-02
7.158203124999999722e-02
7.197265625000000278e-02
6.572265624999999722e-02
6.767578124999999722e-02
7.333984374999999445e-02
6.611328125000000278e-02
6.250000000000000000e-02
6.552734374999999445e-02
6.445312500000000000e-02
6.552734374999999445e-02
6.162109375000000139e-02
5.673828125000000139e-02
5.927734375000000278e-02
6.337890625000000555e-02
5.625000000000000139e-02
5.478515625000000139e-02
5.537109375000000278e-02
5.517578125000000000e-02
5.498046874999999722e-02
5.351562499999999722e-02
5.410156249999999861e-02
5.390625000000000278e-02
4.482421874999999861e-02
4.912109374999999722e-02
4.892578125000000139e-02
5.078125000000000000e-02
5.185546875000000139e-02
4.091796874999999861e-02
4.746093750000000139e-02
4.472656249999999722e-02
3.964843750000000139e-02
4.335937499999999861e-02
4.257812500000000139e-02
3.916015625000000139e-02
4.013671875000000139e-02
3.427734375000000139e-02
3.789062499999999722e-02
3.837890624999999722e-02
4.150390625000000000e-02
3.271484375000000000e-02
3.515625000000000000e-02
3.437500000000000278e-02
2.988281250000000139e-02
3.203124999999999722e-02
2.910156250000000069e-02
2.998046874999999931e-02
3.242187500000000278e-02
2.646484375000000139e-02
2.890625000000000139e-02
2.763671875000000069e-02
2.597656250000000139e-02
2.626953124999999861e-02
2.099609375000000000e-02
2.187499999999999861e-02
2.167968749999999931e-02
2.412109374999999931e-02
2.236328124999999861e-02
2.207031250000000139e-02
1.982421875000000069e-02
1.796874999999999861e-02
1.894531249999999861e-02
1.894531249999999861e-02
2.050781250000000000e-02
1.816406250000000139e-02
1.630859374999999931e-02
1.601562499999999861e-02
1.503906250000000035e-02
1.787109375000000069e-02
1.562500000000000000e-02
1.201171875000000069e-02
1.064453125000000035e-02
1.201171875000000069e-02
1.220703125000000000e-02
1.015625000000000035e-02
1.142578124999999931e-02
9.570312500000000694e-03
1.113281250000000035e-02
7.910156249999999653e-03
9.179687500000000347e-03
7.324218750000000000e-03
8.789062500000000000e-03
0.000000000000000000e+00
0.000000000000000000e+00
0.000000000000000000e+00
0.000000000000000000e+00
0.000000000000000000e+00
0.000000000000000000e+00
0.000000000000000000e+00
0.000000000000000000e+00
0.000000000000000000e+00
0.000000000000000000e+00
0.000000000000000000e+00
0.000000000000000000e+00
0.000000000000000000e+00
0.000000000000000000e+00
0.000000000000000000e+00
0.000000000000000000e+00
0.000000000000000000e+00
0.000000000000000000e+00
0.000000000000000000e+00
0.000000000000000000e+00
0.000000000000000000e+00
0.000000000000000000e+00
0.000000000000000000e+00
0.000000000000000000e+00
0.000000000000000000e+00
