2.155218545365677585e+00
2.143325736588704622e+00
2.147915621912322770e+00
2.136895390546786011e+00
2.166819138706718384e+00
2.153174717295860852e+00
2.149958107955644238e+00
2.145801238073480555e+00
2.149340521361312817e+00
2.160431540728383393e+00
2.156279122350960531e+00
2.142036599332389102e+00
2.161451938037953102e+00
2.138877123111576850e+00
2.147405124270767462e+00
2.156058582056375794e+00
2.146331410437971599e+00
2.142725531778764125e+00
2.145341984462353579e+00
2.148693178633796386e+00
2.151968280525267119e+00
2.161067513154661501e+00
2.150954287002512899e+00
2.154095986810995900e+00
2.151697986669525609e+00
2.153459550725846050e+00
2.155367163621873861e+00
2.142686230196264585e+00
2.146020557157416242e+00
2.156997932682125807e+00
2.149355984373713557e+00
2.162428382333492216e+00
2.152141604102741912e+00
2.150702923382180387e+00
2.155787060395818688e+00
2.149510650888502017e+00
2.152340746847899666e+00
2.156698750798303532e+00
2.142886588681112148e+00
2.155491518614866653e+00
2.161279680021855665e+00
2.164237495794472110e+00
2.148027859926930461e+00
2.156568058781175079e+00
2.155562680223894301e+00
2.152440207627367208e+00
2.166220344349622184e+00
2.149416074986029823e+00
2.143642503738318439e+00
2.157834363361460728e+00
2.161805813746064064e+00
2.158000381425117631e+00
2.150607764878551098e+00
2.144764849875191892e+00
2.147815489825904756e+00
2.146108508501187284e+00
2.160131530424964197e+00
2.144333285137182799e+00
2.158504474821388630e+00
2.145881915195965384e+00
2.146970405455304931e+00
2.148495599416333945e+00
2.150884285539988117e+00
2.143742276236672240e+00
