-0.000000000000000000e+00
-0.000000000000000000e+00
-0.000000000000000000e+00
-0.000000000000000000e+00
-0.000000000000000000e+00
-0.000000000000000000e+00
-0.000000000000000000e+00
-0.000000000000000000e+00
-0.000000000000000000e+00
-0.000000000000000000e+00
7.329663932224500300e+00
7.222746537615215345e+00
7.204333536640299407e+00
7.208188584523695042e+00
7.127464952594348091e+00
6.997390660527894823e+00
6.947420832867806872e+00
6.848971394206877505e+00
6.984137281306487921e+00
6.728415112415541799e+00
6.841269545685500830e+00
6.750708970797177244e+00
6.692211855007455412e+00
6.746933154619694228e+00
6.713597193207556657e+00
6.732227826241996560e+00
6.741387018686564758e+00
6.621497425825419114e+00
6.585229431507024778e+00
6.477783846848311100e+00
6.483134525781506063e+00
6.609756474335624077e+00
6.536259892874480393e+00
6.427915799395138130e+00
6.540407041266695032e+00
6.506312434908129383e+00
6.459753403860538867e+00
6.516573881979135230e+00
6.662817247210160332e+00
6.557883203124654337e+00
6.657009185000928753e+00
6.521452647229194710e+00
6.650819021382948115e+00
6.545642842015665153e+00
6.498270194154628143e+00
6.536458968428070726e+00
6.550489448435894424e+00
6.566757380744123296e+00
6.776100733150483002e+00
6.554577490355642411e+00
6.698162636716481266e+00
6.663228599237460692e+00
6.661007998330547686e+00
6.577570177430891896e+00
6.686362295866679517e+00
6.786740640510982914e+00
6.881846622830820159e+00
6.715651806682554792e+00
6.688769574410223129e+00
6.696995668163769899e+00
6.848923487512142749e+00
6.629606422192416915e+00
6.636273555439587746e+00
6.852849402853101957e+00
6.679587621147795140e+00
6.795247401461023351e+00
6.689507698280134029e+00
6.723004265805577084e+00
6.698845807451929701e+00
6.670776226828957434e+00
6.696045290935147776e+00
6.671242038192854551e+00
6.726052584171605453e+00
6.667848392045332417e+00
6.669403005379348492e+00
6.558954209395409407e+00
6.695569907209720562e+00
6.704164768987546097e+00
6.774797640097379947e+00
6.560868072265200190e+00
6.616872010451324115e+00
6.577809956508874123e+00
6.639608775472698454e+00
6.575663751825712389e+00
6.484109900674023486e+00
6.486456447732108721e+00
6.536692644674793939e+00
6.552823605154253883e+00
6.620443745825502546e+00
6.526717447326451982e+00
6.454521047374304210e+00
6.663677651927548240e+00
6.625432393422358679e+00
6.766555520456099870e+00
6.726744329919792875e+00
6.599349391251686292e+00
6.790546895777510805e+00
6.860563305111073262e+00
6.854586156795960505e+00
6.838450734588350066e+00
6.909691605979520368e+00
6.871705425389947663e+00
6.951495155317354957e+00
7.078386524436232285e+00
7.275446537932634072e+00
7.167424366069909958e+00
7.238869382568079658e+00
7.265180245283379357e+00
7.262797600602810988e+00
7.601128510778728753e+00
-0.000000000000000000e+00
-0.000000000000000000e+00
-0.000000000000000000e+00
-0.000000000000000000e+00
-0.000000000000000000e+00
-0.000000000000000000e+00
-0.000000000000000000e+00
-0.000000000000000000e+00
-0.000000000000000000e+00
-0.000000000000000000e+00
