0.000000000000000000e+00
0.000000000000000000e+00
0.000000000000000000e+00
0.000000000000000000e+00
0.000000000000000000e+00
0.000000000000000000e+00
0.000000000000000000e+00
0.000000000000000000e+00
0.000000000000000000e+00
0.000000000000000000e+00
2.176640625000000051e-01
2.247421874999999958e-01
2.331171874999999893e-01
2.367968749999999900e-01
2.452421874999999862e-01
2.518203124999999765e-01
2.551718749999999925e-01
2.627109375000000191e-01
2.676796874999999853e-01
2.709374999999999978e-01
2.791328124999999938e-01
2.819921874999999911e-01
2.892734375000000080e-01
2.924531249999999805e-01
2.952343749999999933e-01
3.044609374999999729e-01
3.059218750000000098e-01
3.172109375000000120e-01
3.251484374999999982e-01
3.342812499999999742e-01
3.358437499999999964e-01
3.300234375000000164e-01
3.298046875000000266e-01
3.252578125000000209e-01
3.204062500000000036e-01
3.193281250000000182e-01
3.175078124999999862e-01
3.156406250000000080e-01
3.150390625000000222e-01
3.108515625000000115e-01
3.099843749999999787e-01
3.088281250000000089e-01
3.085312499999999791e-01
3.066796875000000200e-01
3.043437500000000240e-01
3.083124999999999893e-01
3.074218750000000111e-01
3.005703124999999920e-01
3.029140625000000253e-01
3.012343749999999987e-01
3.063281250000000067e-01
3.016171874999999947e-01
2.995546875000000275e-01
2.981015624999999725e-01
2.972187499999999760e-01
2.985468749999999893e-01
2.998124999999999818e-01
3.012500000000000178e-01
3.018750000000000044e-01
2.996796875000000138e-01
2.991718749999999760e-01
2.991015624999999734e-01
2.986796875000000129e-01
2.953124999999999778e-01
2.996484374999999756e-01
2.976015625000000275e-01
3.011953124999999787e-01
3.013046875000000013e-01
2.974375000000000213e-01
3.022578125000000004e-01
3.033984375000000067e-01
3.017031250000000164e-01
3.060312499999999769e-01
3.054140625000000275e-01
3.039999999999999925e-01
3.063984375000000093e-01
3.106484374999999853e-01
3.118359374999999933e-01
3.111171875000000031e-01
3.142812500000000120e-01
3.173281250000000164e-01
3.177031249999999751e-01
3.180937500000000084e-01
3.176406250000000098e-01
3.227499999999999813e-01
3.254140624999999898e-01
3.273515625000000262e-01
3.307734374999999893e-01
3.339765625000000182e-01
3.409765625000000244e-01
3.385468750000000249e-01
3.305078124999999978e-01
3.222890625000000009e-01
3.120234375000000004e-01
3.088437499999999725e-01
3.021328125000000142e-01
2.974531249999999849e-01
2.909765624999999800e-01
2.862343749999999853e-01
2.831562499999999982e-01
2.778125000000000178e-01
2.719921874999999822e-01
2.670078124999999969e-01
2.636953125000000009e-01
2.566406250000000111e-01
2.518828124999999973e-01
2.467499999999999971e-01
2.377343749999999978e-01
2.321953125000000007e-01
2.255781249999999905e-01
0.000000000000000000e+00
0.000000000000000000e+00
0.000000000000000000e+00
0.000000000000000000e+00
0.000000000000000000e+00
0.000000000000000000e+00
0.000000000000000000e+00
0.000000000000000000e+00
0.000000000000000000e+00
0.000000000000000000e+00
