0.000000000000000000e+00
0.000000000000000000e+00
0.000000000000000000e+00
0.000000000000000000e+00
0.000000000000000000e+00
0.000000000000000000e+00
0.000000000000000000e+00
0.000000000000000000e+00
0.000000000000000000e+00
0.000000000000000000e+00
2.578124999999999861e-02
2.746875000000000011e-02
2.915625000000000161e-02
3.038281249999999836e-02
3.249218749999999850e-02
3.455468750000000033e-02
3.650781250000000033e-02
3.828906249999999845e-02
3.912500000000000006e-02
4.071874999999999800e-02
4.307031249999999922e-02
4.521093749999999939e-02
4.715624999999999678e-02
4.890624999999999833e-02
4.893750000000000183e-02
5.071093749999999734e-02
5.275781250000000089e-02
5.488281250000000278e-02
5.732031249999999800e-02
5.980468750000000194e-02
5.971875000000000100e-02
6.017968750000000228e-02
5.871875000000000011e-02
6.053125000000000172e-02
6.078906249999999761e-02
6.011718750000000222e-02
5.921093749999999795e-02
5.664843750000000261e-02
5.775000000000000272e-02
5.776562500000000100e-02
5.682031249999999756e-02
5.671093750000000266e-02
5.626562499999999967e-02
5.428906249999999878e-02
5.453125000000000333e-02
5.360937500000000078e-02
5.277343749999999917e-02
5.354687500000000072e-02
5.202343749999999850e-02
5.060156250000000244e-02
4.971874999999999906e-02
5.039843749999999706e-02
4.843750000000000139e-02
4.998437499999999756e-02
4.804687500000000278e-02
4.809374999999999761e-02
4.740624999999999700e-02
4.752343750000000144e-02
4.797656250000000011e-02
4.773437500000000250e-02
4.787500000000000089e-02
4.785156250000000000e-02
4.799218749999999839e-02
4.843750000000000139e-02
4.903906250000000105e-02
4.904687499999999672e-02
4.968750000000000250e-02
5.022656250000000211e-02
4.920312500000000033e-02
5.103125000000000022e-02
5.146875000000000061e-02
5.361718750000000339e-02
5.357812499999999728e-02
5.414062499999999778e-02
5.514843750000000128e-02
5.495312499999999850e-02
5.535156249999999972e-02
5.595312499999999939e-02
5.661718749999999911e-02
5.709374999999999867e-02
5.708593750000000300e-02
5.835937499999999806e-02
5.783593749999999672e-02
5.871093749999999750e-02
5.965625000000000094e-02
5.984375000000000111e-02
5.917968750000000139e-02
5.996093749999999861e-02
6.075781250000000105e-02
6.014062500000000311e-02
5.930468750000000150e-02
5.598437500000000289e-02
5.472656249999999917e-02
5.223437499999999956e-02
5.088281249999999922e-02
4.763281250000000328e-02
4.775000000000000078e-02
4.685156249999999911e-02
4.392968750000000172e-02
4.201562500000000089e-02
4.092187500000000339e-02
4.015624999999999750e-02
3.829687500000000105e-02
3.709375000000000172e-02
3.495312500000000155e-02
3.252343750000000200e-02
3.110937500000000161e-02
2.974999999999999867e-02
2.782812499999999870e-02
2.521875000000000158e-02
0.000000000000000000e+00
0.000000000000000000e+00
0.000000000000000000e+00
0.000000000000000000e+00
0.000000000000000000e+00
0.000000000000000000e+00
0.000000000000000000e+00
0.000000000000000000e+00
0.000000000000000000e+00
0.000000000000000000e+00
