0.000000000000000000e+00
0.000000000000000000e+00
0.000000000000000000e+00
0.000000000000000000e+00
0.000000000000000000e+00
0.000000000000000000e+00
0.000000000000000000e+00
0.000000000000000000e+00
0.000000000000000000e+00
0.000000000000000000e+00
2.500781250000000053e-02
2.620312500000000072e-02
2.864062499999999942e-02
3.101562500000000153e-02
3.226562499999999917e-02
3.525781249999999922e-02
3.717968750000000266e-02
3.860937500000000133e-02
3.914062499999999833e-02
4.268750000000000322e-02
4.376562500000000244e-02
4.464062500000000322e-02
4.566406249999999806e-02
4.766406249999999983e-02
4.940624999999999878e-02
5.088281249999999922e-02
5.309375000000000205e-02
5.481250000000000011e-02
5.624218749999999878e-02
5.957031250000000000e-02
6.045312500000000339e-02
5.999218750000000211e-02
5.978906249999999672e-02
5.933593749999999806e-02
5.832812500000000150e-02
5.888281249999999939e-02
5.910937499999999872e-02
5.831250000000000322e-02
5.726562500000000056e-02
5.648437500000000333e-02
5.656250000000000167e-02
5.588281249999999672e-02
5.583593750000000189e-02
5.523437500000000222e-02
5.282031250000000094e-02
5.433593750000000056e-02
5.502343750000000117e-02
5.382812499999999750e-02
5.167968750000000167e-02
5.123437499999999867e-02
5.037500000000000311e-02
5.160156250000000333e-02
5.164843749999999817e-02
4.925000000000000211e-02
5.036718750000000050e-02
4.922656250000000122e-02
4.854687500000000322e-02
4.884374999999999828e-02
4.846874999999999795e-02
4.860156250000000067e-02
4.833593750000000216e-02
4.714843750000000111e-02
4.961718749999999983e-02
4.873437500000000339e-02
5.010937499999999767e-02
4.935156250000000133e-02
5.145312500000000233e-02
4.996874999999999928e-02
5.109375000000000028e-02
5.168749999999999734e-02
5.260937499999999989e-02
5.307031250000000117e-02
5.305468750000000289e-02
5.399218749999999678e-02
5.587500000000000105e-02
5.618750000000000133e-02
5.600000000000000117e-02
5.640624999999999806e-02
5.718750000000000222e-02
5.644531249999999722e-02
5.850000000000000339e-02
5.770312500000000094e-02
5.746874999999999900e-02
6.020312500000000316e-02
5.918749999999999706e-02
5.908593749999999784e-02
5.998437499999999950e-02
5.940625000000000072e-02
6.164843750000000011e-02
6.051562500000000344e-02
6.074218750000000278e-02
5.718750000000000222e-02
5.600000000000000117e-02
5.411718749999999689e-02
5.139843749999999795e-02
5.019531249999999861e-02
4.747656249999999967e-02
4.685156249999999911e-02
4.621875000000000289e-02
4.400781250000000006e-02
4.232031249999999856e-02
4.167187499999999711e-02
3.900781250000000255e-02
3.630468750000000189e-02
3.514843749999999739e-02
3.383593750000000316e-02
3.096093750000000061e-02
2.984374999999999875e-02
2.719531249999999900e-02
2.609374999999999889e-02
0.000000000000000000e+00
0.000000000000000000e+00
0.000000000000000000e+00
0.000000000000000000e+00
0.000000000000000000e+00
0.000000000000000000e+00
0.000000000000000000e+00
0.000000000000000000e+00
0.000000000000000000e+00
0.000000000000000000e+00
