0.000000000000000000e+00
0.000000000000000000e+00
0.000000000000000000e+00
0.000000000000000000e+00
0.000000000000000000e+00
0.000000000000000000e+00
0.000000000000000000e+00
0.000000000000000000e+00
0.000000000000000000e+00
0.000000000000000000e+00
2.540624999999999828e-02
2.718749999999999986e-02
2.883593749999999872e-02
3.163281250000000294e-02
3.395312500000000067e-02
3.464843749999999695e-02
3.671875000000000139e-02
3.862499999999999961e-02
3.946093750000000122e-02
4.139062500000000033e-02
4.246874999999999956e-02
4.549999999999999878e-02
4.558593749999999972e-02
4.796874999999999750e-02
4.970312500000000078e-02
5.027343749999999695e-02
5.266406249999999734e-02
5.410937500000000122e-02
5.639843750000000239e-02
5.757031249999999822e-02
6.113281250000000139e-02
5.998437499999999950e-02
6.057812499999999656e-02
5.956249999999999739e-02
5.898437499999999861e-02
5.815624999999999961e-02
5.856250000000000344e-02
5.904687499999999867e-02
5.707031249999999778e-02
5.657812499999999994e-02
5.627343750000000228e-02
5.673437499999999661e-02
5.668750000000000178e-02
5.374218749999999656e-02
5.435937500000000144e-02
5.459375000000000339e-02
5.482031250000000272e-02
5.211718750000000205e-02
5.168749999999999734e-02
5.120312500000000211e-02
5.087499999999999661e-02
5.027343749999999695e-02
4.885937499999999656e-02
4.995312500000000100e-02
4.703124999999999667e-02
4.811718749999999850e-02
4.887500000000000178e-02
4.878906250000000083e-02
4.760937500000000239e-02
4.762500000000000067e-02
4.888281249999999745e-02
4.775000000000000078e-02
4.894531249999999750e-02
4.793750000000000094e-02
4.955468749999999978e-02
4.907812500000000022e-02
4.966406250000000161e-02
5.126562500000000216e-02
5.046093749999999711e-02
5.138281249999999967e-02
5.167187499999999906e-02
5.280468750000000266e-02
5.392968749999999672e-02
5.364843749999999994e-02
5.439843750000000061e-02
5.567968749999999828e-02
5.515624999999999695e-02
5.644531249999999722e-02
5.707031249999999778e-02
5.792187499999999767e-02
5.820312500000000139e-02
5.729687499999999711e-02
5.832031249999999889e-02
5.935937499999999895e-02
5.842968750000000072e-02
5.936718750000000155e-02
5.924218750000000144e-02
6.038281250000000072e-02
5.971875000000000100e-02
6.098437500000000039e-02
5.970312500000000272e-02
5.621874999999999789e-02
5.567187500000000261e-02
5.327343749999999961e-02
5.201562500000000283e-02
4.991406250000000183e-02
4.828906250000000039e-02
4.665625000000000328e-02
4.451562500000000311e-02
4.321093749999999761e-02
4.159374999999999878e-02
3.983593750000000155e-02
3.903906249999999911e-02
3.732812499999999672e-02
3.590625000000000067e-02
3.464062500000000128e-02
3.199218749999999806e-02
2.845312499999999925e-02
2.719531249999999900e-02
2.522656250000000072e-02
0.000000000000000000e+00
0.000000000000000000e+00
0.000000000000000000e+00
0.000000000000000000e+00
0.000000000000000000e+00
0.000000000000000000e+00
0.000000000000000000e+00
0.000000000000000000e+00
0.000000000000000000e+00
0.000000000000000000e+00
