-0.000000000000000000e+00
-0.000000000000000000e+00
-0.000000000000000000e+00
-0.000000000000000000e+00
-0.000000000000000000e+00
-0.000000000000000000e+00
-0.000000000000000000e+00
-0.000000000000000000e+00
-0.000000000000000000e+00
-0.000000000000000000e+00
7.396505194191184351e+00
7.306814585459767031e+00
7.105574510849136161e+00
7.039814281167523724e+00
7.163106184908060392e+00
7.025231234684288673e+00
7.007529930176256805e+00
6.835779687180587594e+00
6.848226163654325127e+00
6.865365175052536628e+00
6.708119904815207590e+00
6.716287089333607518e+00
6.566210381866423695e+00
6.653505077481738361e+00
6.770837324957918568e+00
6.652786324450449484e+00
6.592743413665674623e+00
6.482836199386597720e+00
6.565888269006082467e+00
6.547925565489510547e+00
6.452852380082585881e+00
6.403267909727332174e+00
6.433997253862321131e+00
6.524294094772289831e+00
6.405583503558231584e+00
6.376209049454725886e+00
6.593041420018137089e+00
6.538432013093479434e+00
6.512668996508298669e+00
6.397456659168536675e+00
6.430873421302832682e+00
6.604946421375193388e+00
6.494999853643072640e+00
6.520794130090671104e+00
6.521003001232109852e+00
6.621584703450711373e+00
6.528967974925468987e+00
6.636992567535955345e+00
6.513589790196071760e+00
6.613838320359713308e+00
6.660580403755236745e+00
6.753997560592433835e+00
6.708724643447609104e+00
6.673198061993942609e+00
6.730496452280759101e+00
6.771490707072269188e+00
6.563050400073781709e+00
6.615898547461493528e+00
6.725512750685381569e+00
6.815831716383275563e+00
6.756240601620808306e+00
6.801899154492330624e+00
6.757324099512235449e+00
6.651917310936739547e+00
6.605080920356280139e+00
6.630270188365090078e+00
6.727889052167955519e+00
6.784784996223992337e+00
6.657044794370932550e+00
6.697182621991751184e+00
6.776864636800131514e+00
6.654473454698504931e+00
6.704720139180686544e+00
6.545174135616328215e+00
6.506020128479488740e+00
6.603220632382631905e+00
6.616906290058355289e+00
6.660026307227404629e+00
6.587446386185321856e+00
6.472144265044955880e+00
6.449674652235141359e+00
6.626698416654766888e+00
6.585123142344430747e+00
6.493434177963939291e+00
6.444130778096822887e+00
6.646526463852157285e+00
6.626388897170729209e+00
6.537138578889718943e+00
6.657621872470626201e+00
6.567539801251962572e+00
6.557055871499687605e+00
6.507297159758839378e+00
6.663138752713743784e+00
6.703052718414006961e+00
6.570654339725066961e+00
6.813801699759160613e+00
6.737848540148862142e+00
6.860273356300799819e+00
6.821544662680699922e+00
6.891207077928284797e+00
6.808248143265486441e+00
6.883951776916005016e+00
6.936644611122723347e+00
7.050093507962495565e+00
7.025416210302869224e+00
7.169817411234897797e+00
7.325509468164527860e+00
7.305215845045182732e+00
7.518161608864256884e+00
7.412881109581311634e+00
-0.000000000000000000e+00
-0.000000000000000000e+00
-0.000000000000000000e+00
-0.000000000000000000e+00
-0.000000000000000000e+00
-0.000000000000000000e+00
-0.000000000000000000e+00
-0.000000000000000000e+00
-0.000000000000000000e+00
-0.000000000000000000e+00
