-0.000000000000000000e+00
-0.000000000000000000e+00
-0.000000000000000000e+00
-0.000000000000000000e+00
-0.000000000000000000e+00
-0.000000000000000000e+00
-0.000000000000000000e+00
-0.000000000000000000e+00
-0.000000000000000000e+00
-0.000000000000000000e+00
7.392171759325344205e+00
7.297073635515263668e+00
7.252785510526281954e+00
7.096673026404187290e+00
7.014740932531708495e+00
7.005588341770646821e+00
7.030737408700634461e+00
6.923693994991575451e+00
6.805586101295289403e+00
6.732284633785822869e+00
6.687030746929964131e+00
6.852565551097047347e+00
6.589296436029450810e+00
6.705734056219370132e+00
6.611492850205983096e+00
6.617209958952583015e+00
6.412060694953669149e+00
6.661783998884779123e+00
6.449681215765803444e+00
6.424716021992548320e+00
6.521175571672709559e+00
6.395422910258207416e+00
6.504024387172525401e+00
6.518077236479490111e+00
6.537121605756394338e+00
6.506355062164933756e+00
6.488038037161497407e+00
6.483824071187079596e+00
6.258206647316018945e+00
6.485135248411086017e+00
6.518317130253753255e+00
6.486489979200567468e+00
6.630759166826559969e+00
6.663029600595143265e+00
6.447486556239651279e+00
6.486121235157331633e+00
6.756764239226650481e+00
6.508362921213361574e+00
6.467262465383775805e+00
6.601148723078309466e+00
6.578492355776933032e+00
6.642154561310356087e+00
6.606816945236698047e+00
6.590725311136580444e+00
6.660384447568271860e+00
6.649208722768891633e+00
6.700453036891745207e+00
6.650804611973420322e+00
6.824276823240222001e+00
6.766751516766603025e+00
6.661955037639670785e+00
6.738396697557671011e+00
6.444112173155458478e+00
6.684709350848629050e+00
6.659109980335783163e+00
6.655683225914182266e+00
6.673406374883167125e+00
6.640047680633341720e+00
6.624602752169407083e+00
6.622549988521560849e+00
6.716865948807481779e+00
6.614669328053407682e+00
6.536276431120843000e+00
6.627495575549021467e+00
6.637800820330046925e+00
6.503821030854679996e+00
6.485438598940170607e+00
6.524149966001258072e+00
6.637172076073370341e+00
6.595939074181293549e+00
6.558575837984950141e+00
6.485634622740111155e+00
6.542970256756101222e+00
6.464329977716068321e+00
6.657386328696707878e+00
6.453504267486666279e+00
6.552935279728109741e+00
6.542168088550812222e+00
6.519058346642469637e+00
6.513896657367743259e+00
6.445654025780094720e+00
6.516163420309833754e+00
6.655611532263126406e+00
6.702633824205338264e+00
6.841544289270132140e+00
6.737722704094799120e+00
6.697655979169343077e+00
6.688821318527476301e+00
6.835889913669630502e+00
6.755015276180252215e+00
6.966282000397691299e+00
6.949066507194539888e+00
7.032959068232672806e+00
7.061784231435515480e+00
7.071030273000302735e+00
7.131656975456648340e+00
7.325409840304542008e+00
7.357447110878452712e+00
7.388588945627240001e+00
7.317062406782755879e+00
-0.000000000000000000e+00
-0.000000000000000000e+00
-0.000000000000000000e+00
-0.000000000000000000e+00
-0.000000000000000000e+00
-0.000000000000000000e+00
-0.000000000000000000e+00
-0.000000000000000000e+00
-0.000000000000000000e+00
-0.000000000000000000e+00
