0.000000000000000000e+00
0.000000000000000000e+00
0.000000000000000000e+00
0.000000000000000000e+00
0.000000000000000000e+00
0.000000000000000000e+00
0.000000000000000000e+00
0.000000000000000000e+00
0.000000000000000000e+00
0.000000000000000000e+00
2.481250000000000122e-02
2.673437500000000119e-02
2.829687499999999911e-02
3.069531249999999864e-02
3.291406250000000061e-02
3.393750000000000239e-02
3.578906250000000316e-02
3.742968750000000289e-02
3.917187500000000183e-02
4.253124999999999961e-02
4.257812500000000139e-02
4.487499999999999822e-02
4.557812499999999711e-02
4.687500000000000000e-02
4.875000000000000167e-02
4.985937499999999745e-02
5.227343749999999872e-02
5.381249999999999922e-02
5.657812499999999994e-02
5.814062500000000133e-02
5.957812500000000261e-02
5.971093749999999839e-02
6.001562500000000300e-02
6.003906249999999695e-02
6.022656249999999711e-02
5.845312500000000161e-02
5.865625000000000006e-02
5.835156250000000239e-02
5.609374999999999778e-02
5.721874999999999878e-02
5.593750000000000111e-02
5.725000000000000228e-02
5.552343750000000161e-02
5.612500000000000128e-02
5.482812499999999839e-02
5.444531250000000239e-02
5.356249999999999900e-02
5.225781250000000044e-02
5.246875000000000150e-02
5.124218750000000128e-02
5.117968750000000122e-02
4.997656250000000189e-02
5.064843749999999728e-02
5.032031249999999872e-02
4.805468749999999845e-02
4.825000000000000122e-02
4.873437500000000339e-02
4.814843750000000200e-02
4.773437500000000250e-02
4.757812499999999889e-02
4.766406249999999983e-02
4.913281249999999767e-02
4.803906250000000017e-02
4.837500000000000133e-02
4.822656250000000033e-02
4.869531249999999728e-02
4.914062500000000028e-02
4.937500000000000222e-02
5.045312500000000144e-02
5.106249999999999678e-02
5.214062500000000294e-02
5.281249999999999833e-02
5.258593749999999900e-02
5.386718749999999667e-02
5.410156249999999861e-02
5.575000000000000094e-02
5.589062499999999933e-02
5.615624999999999784e-02
5.670312500000000006e-02
5.798437499999999772e-02
5.781250000000000278e-02
5.714843750000000305e-02
5.949218750000000167e-02
5.999218750000000211e-02
5.978906249999999672e-02
5.973437499999999928e-02
6.082812499999999678e-02
6.018749999999999795e-02
6.071875000000000189e-02
5.980468750000000194e-02
5.976562500000000278e-02
5.701562500000000033e-02
5.431249999999999967e-02
5.357031250000000161e-02
5.130468750000000133e-02
4.939843750000000311e-02
4.793750000000000094e-02
4.714062499999999850e-02
4.543749999999999872e-02
4.374218750000000155e-02
4.120312500000000017e-02
4.018750000000000100e-02
3.784375000000000239e-02
3.708593749999999911e-02
3.496874999999999983e-02
3.351562500000000028e-02
3.232812499999999922e-02
3.014843749999999989e-02
2.809375000000000067e-02
2.572656250000000117e-02
0.000000000000000000e+00
0.000000000000000000e+00
0.000000000000000000e+00
0.000000000000000000e+00
0.000000000000000000e+00
0.000000000000000000e+00
0.000000000000000000e+00
0.000000000000000000e+00
0.000000000000000000e+00
0.000000000000000000e+00
