-0.000000000000000000e+00
-0.000000000000000000e+00
-0.000000000000000000e+00
-0.000000000000000000e+00
-0.000000000000000000e+00
-0.000000000000000000e+00
-0.000000000000000000e+00
-0.000000000000000000e+00
-0.000000000000000000e+00
-0.000000000000000000e+00
7.364255439031588857e+00
7.293482996616591940e+00
7.254266626553796726e+00
7.258674781671705212e+00
7.063671079822523069e+00
7.051979411319599045e+00
6.957193989398779976e+00
7.027740992975169299e+00
6.958034598580304930e+00
6.730366065055634728e+00
6.705498923692494451e+00
6.716956818189683709e+00
6.880912128116313475e+00
6.608494166844050000e+00
6.682164585144338531e+00
6.456844829079286363e+00
6.658270444536094956e+00
6.601681147980131392e+00
6.500228194147902983e+00
6.485615788841488261e+00
6.376564394560456428e+00
6.428178740912837696e+00
6.416864247979794378e+00
6.390533889308088078e+00
6.442253323920962949e+00
6.487437622612441501e+00
6.503962943871429481e+00
6.479315560889419956e+00
6.609168007965797287e+00
6.675226816612475744e+00
6.519176883386657906e+00
6.407951338776157080e+00
6.584427279946447165e+00
6.405897137575986555e+00
6.477269758701002189e+00
6.439249228069117592e+00
6.529947421254461482e+00
6.452938081795918102e+00
6.573842535263518805e+00
6.389667093980818002e+00
6.528090284083625683e+00
6.697868760675214972e+00
6.667416604472777841e+00
6.601925541236218109e+00
6.772306676322688013e+00
6.573202842297862780e+00
6.633933513484593369e+00
6.610316273210399274e+00
6.679172919150527576e+00
6.603613854664791560e+00
6.503982982560736481e+00
6.721731402795622756e+00
6.719467796792268466e+00
6.595429668277918545e+00
6.664351716838760709e+00
6.680040744565244992e+00
6.611287023416449138e+00
6.565381702038063594e+00
6.610735460174272937e+00
6.520528274840208027e+00
6.606320512901080910e+00
6.632134811664036178e+00
6.441305386110001585e+00
6.319333639103171585e+00
6.542359811915415158e+00
6.589078447129901761e+00
6.458706681581777964e+00
6.481188502509979799e+00
6.537741143117509424e+00
6.460437717662250279e+00
6.375128507062163941e+00
6.319342435578927386e+00
6.343210742681679726e+00
6.415213940228761125e+00
6.417997792995244311e+00
6.427794566176078028e+00
6.585863581844741077e+00
6.478636672981838984e+00
6.310000171181901152e+00
6.302019008114038812e+00
6.501152409419674427e+00
6.575342550781791751e+00
6.653609127927777145e+00
6.721861516388862867e+00
6.646967804385957912e+00
6.674764481128979021e+00
6.636654907250365554e+00
6.745048893362975306e+00
6.842663231076864250e+00
6.839454114596271950e+00
6.911501066948266825e+00
6.948152315750756536e+00
6.952597482024736486e+00
7.050737800528295018e+00
7.002006126037130684e+00
6.980489708718383035e+00
7.190438633264585100e+00
7.275020327840572065e+00
7.228310079202713290e+00
7.324537748770577394e+00
-0.000000000000000000e+00
-0.000000000000000000e+00
-0.000000000000000000e+00
-0.000000000000000000e+00
-0.000000000000000000e+00
-0.000000000000000000e+00
-0.000000000000000000e+00
-0.000000000000000000e+00
-0.000000000000000000e+00
-0.000000000000000000e+00
