0.000000000000000000e+00
0.000000000000000000e+00
0.000000000000000000e+00
0.000000000000000000e+00
0.000000000000000000e+00
0.000000000000000000e+00
0.000000000000000000e+00
0.000000000000000000e+00
0.000000000000000000e+00
0.000000000000000000e+00
2.165234374999999989e-01
2.252812499999999885e-01
2.295703125000000122e-01
2.359453125000000040e-01
2.439296874999999920e-01
2.499062499999999964e-01
2.536015624999999885e-01
2.607187499999999991e-01
2.673984374999999747e-01
2.713828125000000147e-01
2.775390624999999889e-01
2.826171874999999778e-01
2.866015625000000178e-01
2.961406249999999907e-01
2.972890624999999787e-01
3.043828124999999885e-01
3.103437499999999738e-01
3.185781249999999898e-01
3.223359375000000027e-01
3.299453124999999765e-01
3.340234375000000200e-01
3.280234375000000147e-01
3.281562499999999827e-01
3.249140624999999893e-01
3.202890624999999991e-01
3.199765625000000058e-01
3.162734374999999765e-01
3.165781249999999880e-01
3.118046875000000107e-01
3.101249999999999840e-01
3.115234375000000000e-01
3.080625000000000169e-01
3.065937499999999982e-01
3.078046875000000071e-01
3.064296874999999920e-01
3.037890624999999845e-01
3.036874999999999991e-01
3.048906250000000262e-01
3.036171874999999964e-01
3.003828124999999849e-01
3.000468749999999907e-01
2.989296874999999853e-01
2.980703124999999898e-01
3.017343749999999991e-01
3.005937499999999929e-01
2.965234374999999867e-01
2.979921875000000053e-01
2.965781250000000258e-01
2.975156250000000058e-01
2.985390625000000075e-01
2.979843750000000235e-01
2.958593749999999800e-01
2.982578124999999969e-01
2.960703124999999880e-01
3.010859375000000115e-01
3.000390625000000089e-01
2.982812499999999978e-01
2.973124999999999796e-01
3.004687500000000067e-01
3.032968750000000213e-01
3.021718749999999787e-01
3.020234374999999916e-01
3.035234374999999929e-01
3.046953124999999818e-01
3.074999999999999956e-01
3.081953124999999849e-01
3.075078124999999774e-01
3.067031250000000209e-01
3.093359374999999911e-01
3.116328125000000226e-01
3.115781249999999836e-01
3.124765624999999991e-01
3.161875000000000102e-01
3.197421874999999969e-01
3.235078124999999916e-01
3.259765625000000111e-01
3.257421875000000022e-01
3.312187500000000062e-01
3.351562499999999889e-01
3.357421875000000111e-01
3.345468750000000213e-01
3.271875000000000200e-01
3.184062500000000018e-01
3.127734374999999734e-01
3.051718749999999813e-01
3.031406249999999969e-01
2.964843750000000222e-01
2.889921874999999973e-01
2.865546875000000160e-01
2.783281249999999818e-01
2.703671874999999947e-01
2.684765625000000155e-01
2.610234375000000107e-01
2.602499999999999813e-01
2.535859375000000249e-01
2.456562499999999927e-01
2.433984375000000089e-01
2.338671874999999900e-01
2.267187499999999967e-01
2.201718749999999891e-01
0.000000000000000000e+00
0.000000000000000000e+00
0.000000000000000000e+00
0.000000000000000000e+00
0.000000000000000000e+00
0.000000000000000000e+00
0.000000000000000000e+00
0.000000000000000000e+00
0.000000000000000000e+00
0.000000000000000000e+00
