0.000000000000000000e+00
0.000000000000000000e+00
0.000000000000000000e+00
0.000000000000000000e+00
0.000000000000000000e+00
0.000000000000000000e+00
0.000000000000000000e+00
0.000000000000000000e+00
0.000000000000000000e+00
0.000000000000000000e+00
0.000000000000000000e+00
0.000000000000000000e+00
0.000000000000000000e+00
0.000000000000000000e+00
0.000000000000000000e+00
0.000000000000000000e+00
0.000000000000000000e+00
0.000000000000000000e+00
0.000000000000000000e+00
0.000000000000000000e+00
0.000000000000000000e+00
0.000000000000000000e+00
0.000000000000000000e+00
0.000000000000000000e+00
0.000000000000000000e+00
1.218749999999999972e-01
1.259765625000000000e-01
1.280273437499999944e-01
1.303710937500000000e-01
1.394531250000000111e-01
1.388671874999999889e-01
1.385742187500000056e-01
1.473632812500000056e-01
1.573242187499999944e-01
1.661132812499999944e-01
1.625976562500000000e-01
1.822265624999999944e-01
1.825195312500000056e-01
1.751953125000000056e-01
1.828124999999999889e-01
1.895507812499999944e-01
1.998046874999999944e-01
1.942382812500000056e-01
1.980468750000000111e-01
2.176757812500000056e-01
2.103515625000000056e-01
2.050781250000000000e-01
2.229492187500000111e-01
2.250000000000000056e-01
2.185546875000000111e-01
2.449218750000000111e-01
2.320312499999999944e-01
2.358398437500000000e-01
2.317382812500000111e-01
2.326171874999999889e-01
2.490234375000000000e-01
2.484375000000000056e-01
2.501953124999999889e-01
2.695312500000000000e-01
2.531249999999999889e-01
2.674804687499999778e-01
2.554687500000000222e-01
2.639648437500000111e-01
2.695312500000000000e-01
2.909179687499999778e-01
2.859375000000000111e-01
2.830078125000000111e-01
2.906250000000000222e-01
2.876953125000000222e-01
2.961914062500000111e-01
2.932617187500000111e-01
2.961914062500000111e-01
3.046875000000000000e-01
3.096679687500000222e-01
2.991210937500000111e-01
3.102539062499999889e-01
3.140625000000000222e-01
3.137695312500000111e-01
3.275390624999999778e-01
3.222656250000000000e-01
3.152343750000000111e-01
2.999999999999999889e-01
3.240234375000000111e-01
3.190429687499999889e-01
3.243164062500000222e-01
3.351562499999999889e-01
3.407226562499999778e-01
3.102539062499999889e-01
3.184570312500000222e-01
3.161132812499999889e-01
3.260742187499999778e-01
3.533203125000000111e-01
3.339843750000000000e-01
3.495117187499999778e-01
3.433593750000000222e-01
3.354492187500000000e-01
3.357421875000000111e-01
3.219726562499999889e-01
3.325195312500000000e-01
3.407226562499999778e-01
3.524414062499999778e-01
3.354492187500000000e-01
3.240234375000000111e-01
3.454101562499999889e-01
3.354492187500000000e-01
3.439453124999999889e-01
3.354492187500000000e-01
3.413085937500000000e-01
3.515625000000000000e-01
3.413085937500000000e-01
3.512695312499999889e-01
3.665039062500000111e-01
3.468749999999999889e-01
3.767578125000000111e-01
3.439453124999999889e-01
3.377929687499999778e-01
3.495117187499999778e-01
3.462890625000000222e-01
3.588867187500000000e-01
3.468749999999999889e-01
3.512695312499999889e-01
3.667968750000000222e-01
3.603515625000000000e-01
3.700195312499999778e-01
3.653320312500000222e-01
3.559570312500000000e-01
3.703124999999999889e-01
3.583007812499999778e-01
3.609375000000000222e-01
3.635742187500000111e-01
3.553710937499999778e-01
3.644531249999999889e-01
3.720703125000000000e-01
3.574218750000000000e-01
3.826171875000000111e-01
3.849609374999999889e-01
3.656249999999999778e-01
3.773437499999999778e-01
3.776367187499999889e-01
3.624023437500000222e-01
3.498046874999999889e-01
3.644531249999999889e-01
3.673828124999999889e-01
3.624023437500000222e-01
3.609375000000000222e-01
3.776367187499999889e-01
3.761718749999999889e-01
3.626953124999999778e-01
3.556640624999999889e-01
3.600585937499999889e-01
3.603515625000000000e-01
3.735351562500000000e-01
3.667968750000000222e-01
3.515625000000000000e-01
3.676757812500000000e-01
3.574218750000000000e-01
3.480468749999999778e-01
3.758789062499999778e-01
3.694335937500000111e-01
3.597656249999999778e-01
3.685546874999999778e-01
3.875976562499999778e-01
3.565429687500000222e-01
3.770507812500000222e-01
3.536132812500000222e-01
3.565429687500000222e-01
3.448242187500000222e-01
3.650390625000000111e-01
3.454101562499999889e-01
3.410156249999999889e-01
3.547851562500000111e-01
3.524414062499999778e-01
3.606445312500000111e-01
3.577148437500000111e-01
3.714843749999999778e-01
3.644531249999999889e-01
3.553710937499999778e-01
3.667968750000000222e-01
3.430664062500000111e-01
3.559570312500000000e-01
3.342773437500000111e-01
3.574218750000000000e-01
3.541992187499999889e-01
3.673828124999999889e-01
3.530273437500000000e-01
3.612304687499999778e-01
3.632812500000000000e-01
3.829101562500000222e-01
3.471679687500000000e-01
3.518554687500000111e-01
3.518554687500000111e-01
3.615234374999999889e-01
3.480468749999999778e-01
3.392578124999999778e-01
3.366210937499999889e-01
3.339843750000000000e-01
3.351562499999999889e-01
3.372070312500000111e-01
3.222656250000000000e-01
3.424804687499999889e-01
3.363281249999999778e-01
3.392578124999999778e-01
3.366210937499999889e-01
3.436523437499999778e-01
3.369140625000000000e-01
3.275390624999999778e-01
3.152343750000000111e-01
3.105468750000000000e-01
3.304687499999999778e-01
3.284179687500000111e-01
3.316406250000000222e-01
3.240234375000000111e-01
3.263671874999999889e-01
3.351562499999999889e-01
3.266601562500000000e-01
3.102539062499999889e-01
3.140625000000000222e-01
3.166992187500000111e-01
3.184570312500000222e-01
3.146484374999999889e-01
3.055664062499999778e-01
3.169921875000000222e-01
3.216796874999999778e-01
3.389648437500000222e-01
3.275390624999999778e-01
3.172851562499999778e-01
3.128906249999999778e-01
3.058593749999999889e-01
3.084960937499999778e-01
3.249023437499999889e-01
3.287109375000000222e-01
3.155273437500000222e-01
3.190429687499999889e-01
2.917968750000000111e-01
3.205078124999999889e-01
3.240234375000000111e-01
3.111328125000000222e-01
3.137695312500000111e-01
3.093750000000000111e-01
3.117187499999999889e-01
3.055664062499999778e-01
3.184570312500000222e-01
3.137695312500000111e-01
3.111328125000000222e-01
2.947265625000000111e-01
3.210937500000000111e-01
3.014648437499999889e-01
2.970703124999999889e-01
2.920898437500000222e-01
3.108398437500000111e-01
2.789062500000000222e-01
3.108398437500000111e-01
2.985351562499999889e-01
2.917968750000000111e-01
2.874023437500000111e-01
2.953124999999999778e-01
2.844726562500000111e-01
2.941406249999999889e-01
3.055664062499999778e-01
2.871093750000000000e-01
3.029296874999999889e-01
3.096679687500000222e-01
3.070312499999999778e-01
2.850585937499999778e-01
3.049804687500000111e-01
3.099609374999999778e-01
3.064453125000000111e-01
3.084960937499999778e-01
3.055664062499999778e-01
2.979492187500000222e-01
2.912109374999999889e-01
2.809570312499999889e-01
2.985351562499999889e-01
3.123046875000000111e-01
2.964843750000000222e-01
2.909179687499999778e-01
2.970703124999999889e-01
2.909179687499999778e-01
3.064453125000000111e-01
2.973632812500000000e-01
2.777343749999999778e-01
3.105468750000000000e-01
2.906250000000000222e-01
2.932617187500000111e-01
3.225585937500000111e-01
3.041015624999999778e-01
3.026367187499999778e-01
3.082031250000000222e-01
3.117187499999999889e-01
3.038085937500000222e-01
2.938476562499999778e-01
2.888671875000000111e-01
3.064453125000000111e-01
3.061523437500000000e-01
3.008789062500000222e-01
2.876953125000000222e-01
2.888671875000000111e-01
2.879882812499999778e-01
2.970703124999999889e-01
2.929687500000000000e-01
3.219726562499999889e-01
3.128906249999999778e-01
3.164062500000000000e-01
3.082031250000000222e-01
3.005859375000000111e-01
3.178710937500000000e-01
2.917968750000000111e-01
3.208007812500000000e-01
3.140625000000000222e-01
3.008789062500000222e-01
3.064453125000000111e-01
3.166992187500000111e-01
3.114257812499999778e-01
3.310546875000000000e-01
3.190429687499999889e-01
2.970703124999999889e-01
3.257812500000000222e-01
3.064453125000000111e-01
3.263671874999999889e-01
3.216796874999999778e-01
3.336914062499999889e-01
3.237304687500000000e-01
3.131835937499999889e-01
3.076171875000000000e-01
3.052734375000000222e-01
3.120117187500000000e-01
3.137695312500000111e-01
3.067382812500000222e-01
3.407226562499999778e-01
3.084960937499999778e-01
3.199218750000000222e-01
3.348632812499999778e-01
3.363281249999999778e-01
3.202148437499999778e-01
3.249023437499999889e-01
3.348632812499999778e-01
3.196289062500000111e-01
3.099609374999999778e-01
3.266601562500000000e-01
3.547851562500000111e-01
3.375000000000000222e-01
3.166992187500000111e-01
3.087890624999999889e-01
3.292968749999999889e-01
3.243164062500000222e-01
3.298828125000000111e-01
3.331054687500000222e-01
3.389648437500000222e-01
3.193359375000000000e-01
3.125976562500000222e-01
3.208007812500000000e-01
3.316406250000000222e-01
3.468749999999999889e-01
3.102539062499999889e-01
3.134765625000000000e-01
3.243164062500000222e-01
3.424804687499999889e-01
3.254882812500000111e-01
3.336914062499999889e-01
3.228515625000000222e-01
3.216796874999999778e-01
3.325195312500000000e-01
3.363281249999999778e-01
3.304687499999999778e-01
3.298828125000000111e-01
3.454101562499999889e-01
3.457031250000000000e-01
3.339843750000000000e-01
3.228515625000000222e-01
3.325195312500000000e-01
3.319335937499999778e-01
3.465820312499999778e-01
3.351562499999999889e-01
3.164062500000000000e-01
3.313476562500000111e-01
3.436523437499999778e-01
3.240234375000000111e-01
3.333984374999999778e-01
3.457031250000000000e-01
3.386718750000000111e-01
3.386718750000000111e-01
3.322265624999999889e-01
3.313476562500000111e-01
3.457031250000000000e-01
3.319335937499999778e-01
3.553710937499999778e-01
3.155273437500000222e-01
3.342773437500000111e-01
3.541992187499999889e-01
3.577148437500000111e-01
3.199218750000000222e-01
3.398437500000000000e-01
3.377929687499999778e-01
3.184570312500000222e-01
3.331054687500000222e-01
3.331054687500000222e-01
3.339843750000000000e-01
3.190429687499999889e-01
3.275390624999999778e-01
3.290039062499999778e-01
3.164062500000000000e-01
3.401367187500000111e-01
3.512695312499999889e-01
3.178710937500000000e-01
3.336914062499999889e-01
3.430664062500000111e-01
3.184570312500000222e-01
3.196289062500000111e-01
3.345703125000000222e-01
3.348632812499999778e-01
3.430664062500000111e-01
3.149414062500000000e-01
3.178710937500000000e-01
3.407226562499999778e-01
3.386718750000000111e-01
3.158203124999999778e-01
3.266601562500000000e-01
3.158203124999999778e-01
3.249023437499999889e-01
3.292968749999999889e-01
3.260742187499999778e-01
3.307617187499999889e-01
3.254882812500000111e-01
3.169921875000000222e-01
3.187499999999999778e-01
3.375000000000000222e-01
3.325195312500000000e-01
3.281250000000000000e-01
3.287109375000000222e-01
3.369140625000000000e-01
3.228515625000000222e-01
3.325195312500000000e-01
3.070312499999999778e-01
3.219726562499999889e-01
3.336914062499999889e-01
3.421874999999999778e-01
3.184570312500000222e-01
3.325195312500000000e-01
3.208007812500000000e-01
3.351562499999999889e-01
3.087890624999999889e-01
3.143554687499999778e-01
3.281250000000000000e-01
3.105468750000000000e-01
3.070312499999999778e-01
3.026367187499999778e-01
2.997070312499999778e-01
3.336914062499999889e-01
3.328125000000000111e-01
3.222656250000000000e-01
3.137695312500000111e-01
3.111328125000000222e-01
3.257812500000000222e-01
3.325195312500000000e-01
3.076171875000000000e-01
3.184570312500000222e-01
3.038085937500000222e-01
3.266601562500000000e-01
3.175781249999999889e-01
3.120117187500000000e-01
3.331054687500000222e-01
3.125976562500000222e-01
3.269531250000000111e-01
3.084960937499999778e-01
3.164062500000000000e-01
3.249023437499999889e-01
3.210937500000000111e-01
3.146484374999999889e-01
3.117187499999999889e-01
3.166992187500000111e-01
3.169921875000000222e-01
3.354492187500000000e-01
3.190429687499999889e-01
3.014648437499999889e-01
3.184570312500000222e-01
3.143554687499999778e-01
3.184570312500000222e-01
3.234374999999999889e-01
3.331054687500000222e-01
3.178710937500000000e-01
3.067382812500000222e-01
3.096679687500000222e-01
3.128906249999999778e-01
3.290039062499999778e-01
2.964843750000000222e-01
3.064453125000000111e-01
3.020507812500000111e-01
3.210937500000000111e-01
3.149414062500000000e-01
3.169921875000000222e-01
3.184570312500000222e-01
3.272460937500000222e-01
3.096679687500000222e-01
3.032226562500000000e-01
3.257812500000000222e-01
3.017578125000000000e-01
3.246093749999999778e-01
2.961914062500000111e-01
3.070312499999999778e-01
3.017578125000000000e-01
3.108398437500000111e-01
3.169921875000000222e-01
3.158203124999999778e-01
3.219726562499999889e-01
3.035156250000000111e-01
2.997070312499999778e-01
3.172851562499999778e-01
3.155273437500000222e-01
3.225585937500000111e-01
3.067382812500000222e-01
2.988281250000000000e-01
3.190429687499999889e-01
3.099609374999999778e-01
3.184570312500000222e-01
3.158203124999999778e-01
3.041015624999999778e-01
3.184570312500000222e-01
3.266601562500000000e-01
3.008789062500000222e-01
3.260742187499999778e-01
2.917968750000000111e-01
3.152343750000000111e-01
3.108398437500000111e-01
3.219726562499999889e-01
3.234374999999999889e-01
3.131835937499999889e-01
3.131835937499999889e-01
3.222656250000000000e-01
3.398437500000000000e-01
3.114257812499999778e-01
3.205078124999999889e-01
3.298828125000000111e-01
3.014648437499999889e-01
3.082031250000000222e-01
3.120117187500000000e-01
3.161132812499999889e-01
3.038085937500000222e-01
3.117187499999999889e-01
3.234374999999999889e-01
3.225585937500000111e-01
3.184570312500000222e-01
3.237304687500000000e-01
3.114257812499999778e-01
3.275390624999999778e-01
3.102539062499999889e-01
3.210937500000000111e-01
2.994140625000000222e-01
3.354492187500000000e-01
2.999999999999999889e-01
3.152343750000000111e-01
3.290039062499999778e-01
3.079101562500000111e-01
3.231445312499999778e-01
3.049804687500000111e-01
3.234374999999999889e-01
3.134765625000000000e-01
3.064453125000000111e-01
3.205078124999999889e-01
3.208007812500000000e-01
3.398437500000000000e-01
3.125976562500000222e-01
3.237304687500000000e-01
3.222656250000000000e-01
3.102539062499999889e-01
3.363281249999999778e-01
3.278320312499999889e-01
3.222656250000000000e-01
3.313476562500000111e-01
3.319335937499999778e-01
3.298828125000000111e-01
3.263671874999999889e-01
3.398437500000000000e-01
3.395507812499999889e-01
3.210937500000000111e-01
3.333984374999999778e-01
3.281250000000000000e-01
3.372070312500000111e-01
3.123046875000000111e-01
3.328125000000000111e-01
3.228515625000000222e-01
3.093750000000000111e-01
3.169921875000000222e-01
3.354492187500000000e-01
3.213867187500000222e-01
3.304687499999999778e-01
3.292968749999999889e-01
3.272460937500000222e-01
3.237304687500000000e-01
3.193359375000000000e-01
3.205078124999999889e-01
3.243164062500000222e-01
3.208007812500000000e-01
3.354492187500000000e-01
3.366210937499999889e-01
3.155273437500000222e-01
3.161132812499999889e-01
3.465820312499999778e-01
3.392578124999999778e-01
3.375000000000000222e-01
3.380859374999999889e-01
3.099609374999999778e-01
3.178710937500000000e-01
3.178710937500000000e-01
3.210937500000000111e-01
3.225585937500000111e-01
3.430664062500000111e-01
3.413085937500000000e-01
3.243164062500000222e-01
3.325195312500000000e-01
3.278320312499999889e-01
3.292968749999999889e-01
3.272460937500000222e-01
3.243164062500000222e-01
3.465820312499999778e-01
3.512695312499999889e-01
3.383789062500000000e-01
3.210937500000000111e-01
3.249023437499999889e-01
3.292968749999999889e-01
3.249023437499999889e-01
3.392578124999999778e-01
3.451171874999999778e-01
3.369140625000000000e-01
3.263671874999999889e-01
3.290039062499999778e-01
3.246093749999999778e-01
3.407226562499999778e-01
3.131835937499999889e-01
3.292968749999999889e-01
3.468749999999999889e-01
3.345703125000000222e-01
3.448242187500000222e-01
3.310546875000000000e-01
3.187499999999999778e-01
3.243164062500000222e-01
3.477539062500000222e-01
3.380859374999999889e-01
3.278320312499999889e-01
3.228515625000000222e-01
3.298828125000000111e-01
3.251953125000000000e-01
3.319335937499999778e-01
3.222656250000000000e-01
3.187499999999999778e-01
3.079101562500000111e-01
3.222656250000000000e-01
3.237304687500000000e-01
3.310546875000000000e-01
3.208007812500000000e-01
3.123046875000000111e-01
3.205078124999999889e-01
3.237304687500000000e-01
3.281250000000000000e-01
3.304687499999999778e-01
3.345703125000000222e-01
3.231445312499999778e-01
3.225585937500000111e-01
3.287109375000000222e-01
3.120117187500000000e-01
3.181640625000000111e-01
3.158203124999999778e-01
3.298828125000000111e-01
3.002929687500000000e-01
3.143554687499999778e-01
3.213867187500000222e-01
3.213867187500000222e-01
3.172851562499999778e-01
3.131835937499999889e-01
3.199218750000000222e-01
3.210937500000000111e-01
3.134765625000000000e-01
3.301757812500000222e-01
3.275390624999999778e-01
3.243164062500000222e-01
3.231445312499999778e-01
3.175781249999999889e-01
3.190429687499999889e-01
3.146484374999999889e-01
3.123046875000000111e-01
3.234374999999999889e-01
3.257812500000000222e-01
2.853515624999999889e-01
3.090820312500000000e-01
3.032226562500000000e-01
3.166992187500000111e-01
3.149414062500000000e-01
2.991210937500000111e-01
3.020507812500000111e-01
2.999999999999999889e-01
3.102539062499999889e-01
3.017578125000000000e-01
2.876953125000000222e-01
3.105468750000000000e-01
3.087890624999999889e-01
3.017578125000000000e-01
3.117187499999999889e-01
3.131835937499999889e-01
3.196289062500000111e-01
2.923828124999999778e-01
3.140625000000000222e-01
3.125976562500000222e-01
3.263671874999999889e-01
2.976562500000000111e-01
2.985351562499999889e-01
2.982421874999999778e-01
3.052734375000000222e-01
2.923828124999999778e-01
2.991210937500000111e-01
2.941406249999999889e-01
2.917968750000000111e-01
3.002929687500000000e-01
2.844726562500000111e-01
3.014648437499999889e-01
3.205078124999999889e-01
2.991210937500000111e-01
2.944335937500000000e-01
2.953124999999999778e-01
3.011718749999999778e-01
3.067382812500000222e-01
3.014648437499999889e-01
2.973632812500000000e-01
2.900390625000000000e-01
2.982421874999999778e-01
2.961914062500000111e-01
3.099609374999999778e-01
3.026367187499999778e-01
3.084960937499999778e-01
2.956054687499999889e-01
2.973632812500000000e-01
2.964843750000000222e-01
2.835937499999999778e-01
2.953124999999999778e-01
3.035156250000000111e-01
3.079101562500000111e-01
2.915039062500000000e-01
2.991210937500000111e-01
3.052734375000000222e-01
2.923828124999999778e-01
2.941406249999999889e-01
3.061523437500000000e-01
2.976562500000000111e-01
3.067382812500000222e-01
2.967773437499999778e-01
3.125976562500000222e-01
2.961914062500000111e-01
2.920898437500000222e-01
3.117187499999999889e-01
2.961914062500000111e-01
3.184570312500000222e-01
3.026367187499999778e-01
3.032226562500000000e-01
3.064453125000000111e-01
3.260742187499999778e-01
3.292968749999999889e-01
3.117187499999999889e-01
2.991210937500000111e-01
2.944335937500000000e-01
3.023437500000000222e-01
3.082031250000000222e-01
3.017578125000000000e-01
3.061523437500000000e-01
2.976562500000000111e-01
3.225585937500000111e-01
3.128906249999999778e-01
2.903320312500000111e-01
3.181640625000000111e-01
3.032226562500000000e-01
3.117187499999999889e-01
3.111328125000000222e-01
3.125976562500000222e-01
3.067382812500000222e-01
3.193359375000000000e-01
3.254882812500000111e-01
3.263671874999999889e-01
3.213867187500000222e-01
3.064453125000000111e-01
3.143554687499999778e-01
3.158203124999999778e-01
2.941406249999999889e-01
3.333984374999999778e-01
3.166992187500000111e-01
3.152343750000000111e-01
3.260742187499999778e-01
3.266601562500000000e-01
3.184570312500000222e-01
3.292968749999999889e-01
3.117187499999999889e-01
3.237304687500000000e-01
3.257812500000000222e-01
3.169921875000000222e-01
3.216796874999999778e-01
3.457031250000000000e-01
3.175781249999999889e-01
3.287109375000000222e-01
3.369140625000000000e-01
3.407226562499999778e-01
3.459960937500000111e-01
3.386718750000000111e-01
3.454101562499999889e-01
3.424804687499999889e-01
3.377929687499999778e-01
3.439453124999999889e-01
3.366210937499999889e-01
3.257812500000000222e-01
3.313476562500000111e-01
3.474609375000000111e-01
3.316406250000000222e-01
3.401367187500000111e-01
3.445312500000000111e-01
3.483398437499999889e-01
3.433593750000000222e-01
3.462890625000000222e-01
3.301757812500000222e-01
3.503906250000000111e-01
3.331054687500000222e-01
3.500976562500000000e-01
3.515625000000000000e-01
3.691406250000000000e-01
3.700195312499999778e-01
3.462890625000000222e-01
3.711914062500000222e-01
3.533203125000000111e-01
3.360351562500000222e-01
3.521484375000000222e-01
3.498046874999999889e-01
3.591796875000000111e-01
3.583007812499999778e-01
3.571289062499999889e-01
3.808593750000000000e-01
3.410156249999999889e-01
3.723632812500000111e-01
3.609375000000000222e-01
3.530273437500000000e-01
3.688476562499999889e-01
3.600585937499999889e-01
3.676757812500000000e-01
3.673828124999999889e-01
3.571289062499999889e-01
3.650390625000000111e-01
3.858398437500000222e-01
3.524414062499999778e-01
3.284179687500000111e-01
3.580078125000000222e-01
3.509765624999999778e-01
3.559570312500000000e-01
3.644531249999999889e-01
3.541992187499999889e-01
3.577148437500000111e-01
3.585937499999999889e-01
3.621093750000000111e-01
3.597656249999999778e-01
3.638671875000000222e-01
3.629882812499999889e-01
3.498046874999999889e-01
3.577148437500000111e-01
3.594726562500000222e-01
3.820312499999999889e-01
3.723632812500000111e-01
3.820312499999999889e-01
3.799804687500000222e-01
3.767578125000000111e-01
3.612304687499999778e-01
3.717773437499999889e-01
3.626953124999999778e-01
3.635742187500000111e-01
3.565429687500000222e-01
3.708984375000000111e-01
3.647460937500000000e-01
3.779296875000000000e-01
3.858398437500000222e-01
3.615234374999999889e-01
3.568359374999999778e-01
3.826171875000000111e-01
3.509765624999999778e-01
3.621093750000000111e-01
3.697265625000000222e-01
3.550781250000000222e-01
3.498046874999999889e-01
3.603515625000000000e-01
3.433593750000000222e-01
3.606445312500000111e-01
3.339843750000000000e-01
3.416015625000000111e-01
3.629882812499999889e-01
3.465820312499999778e-01
3.585937499999999889e-01
3.653320312500000222e-01
3.363281249999999778e-01
3.500976562500000000e-01
3.500976562500000000e-01
3.489257812500000111e-01
3.377929687499999778e-01
3.304687499999999778e-01
3.307617187499999889e-01
3.375000000000000222e-01
3.448242187500000222e-01
3.477539062500000222e-01
3.292968749999999889e-01
3.559570312500000000e-01
3.536132812500000222e-01
3.465820312499999778e-01
3.480468749999999778e-01
3.295898437500000000e-01
3.372070312500000111e-01
3.219726562499999889e-01
3.568359374999999778e-01
3.307617187499999889e-01
3.263671874999999889e-01
3.307617187499999889e-01
3.275390624999999778e-01
3.319335937499999778e-01
3.366210937499999889e-01
3.125976562500000222e-01
3.178710937500000000e-01
3.035156250000000111e-01
3.295898437500000000e-01
3.225585937500000111e-01
3.067382812500000222e-01
3.166992187500000111e-01
3.017578125000000000e-01
3.187499999999999778e-01
3.093750000000000111e-01
3.014648437499999889e-01
3.099609374999999778e-01
3.026367187499999778e-01
3.216796874999999778e-01
2.970703124999999889e-01
2.915039062500000000e-01
2.920898437500000222e-01
2.915039062500000000e-01
2.835937499999999778e-01
2.912109374999999889e-01
2.865234374999999778e-01
2.663085937499999889e-01
2.800781250000000111e-01
2.496093749999999944e-01
2.654296875000000111e-01
2.625000000000000111e-01
2.827148437500000000e-01
2.686523437500000222e-01
2.581054687500000111e-01
2.531249999999999889e-01
2.452148437499999944e-01
2.332031250000000111e-01
2.302734375000000111e-01
2.261718749999999944e-01
2.370117187499999889e-01
2.349609374999999944e-01
2.378906249999999944e-01
2.118164062500000056e-01
2.314453125000000000e-01
2.194335937499999889e-01
2.027343749999999944e-01
2.121093749999999889e-01
1.983398437499999944e-01
2.047851562499999889e-01
2.041992187499999944e-01
1.924804687499999944e-01
1.860351562500000000e-01
1.722656250000000056e-01
1.807617187499999944e-01
1.757812500000000000e-01
1.672851562500000111e-01
1.611328125000000000e-01
1.596679687500000000e-01
1.652343749999999889e-01
1.385742187500000056e-01
1.549804687499999889e-01
1.441406249999999944e-01
1.286132812499999889e-01
1.335937500000000111e-01
1.195312500000000056e-01
1.242187500000000028e-01
1.221679687499999944e-01
1.145507812499999972e-01
0.000000000000000000e+00
0.000000000000000000e+00
0.000000000000000000e+00
0.000000000000000000e+00
0.000000000000000000e+00
0.000000000000000000e+00
0.000000000000000000e+00
0.000000000000000000e+00
0.000000000000000000e+00
0.000000000000000000e+00
0.000000000000000000e+00
0.000000000000000000e+00
0.000000000000000000e+00
0.000000000000000000e+00
0.000000000000000000e+00
0.000000000000000000e+00
0.000000000000000000e+00
0.000000000000000000e+00
0.000000000000000000e+00
0.000000000000000000e+00
0.000000000000000000e+00
0.000000000000000000e+00
0.000000000000000000e+00
0.000000000000000000e+00
0.000000000000000000e+00
