2.271663280906036420e+00
2.261043567766122475e+00
2.290096076016699733e+00
2.266694594562391085e+00
2.250995881978503199e+00
2.247195419235329616e+00
2.274862308148393186e+00
2.288681382608289017e+00
2.264881823156896790e+00
2.295681090551694226e+00
2.288775836768535132e+00
2.261912706858990596e+00
2.268640562205479050e+00
2.296803532284689808e+00
2.283598176372247934e+00
2.296693709020909857e+00
2.288212888147439728e+00
2.283523930390717549e+00
2.292892218227472245e+00
2.270351427129179367e+00
2.291656751768945455e+00
2.288105671957024967e+00
2.281861288613636241e+00
2.283087872276121644e+00
2.279226763256150257e+00
2.285173547894988832e+00
2.278429330633574779e+00
2.306432270896393355e+00
2.280202934316222230e+00
2.283455504768876487e+00
2.267375492498835410e+00
2.282487469660678947e+00
2.306162177860368701e+00
2.278209545658303359e+00
2.275340538340045793e+00
2.272380336373137855e+00
2.253087565194833886e+00
2.273154942160755976e+00
2.271795905526452497e+00
2.268473840638070449e+00
2.272354990781574990e+00
2.286044701049263939e+00
2.280225396847052277e+00
2.276434917849907258e+00
2.273822419024287722e+00
2.276023642092285026e+00
2.318684673069959512e+00
2.272250796202696321e+00
2.271093658428940287e+00
2.266588410898221273e+00
2.265769295203770906e+00
2.279883646867181035e+00
2.274365026554097113e+00
2.271276740666612781e+00
2.280098338325845742e+00
2.271493464348834923e+00
2.288910091916116496e+00
2.262571633414521166e+00
2.271382533573977458e+00
2.297485684813625806e+00
2.289112373348674900e+00
2.283452921697834981e+00
2.281660527744910016e+00
2.311772976357788334e+00
