2.275178646957661144e+00
2.317129245929450132e+00
2.280750464670548094e+00
2.272210648911912489e+00
2.287785825036562137e+00
2.288507065959158204e+00
2.286421903986392223e+00
2.269216816531480774e+00
2.271530212476783106e+00
2.288421209573102466e+00
2.270719007151011937e+00
2.277818350369096745e+00
2.300248298635976241e+00
2.292663664591836348e+00
2.286364720756592028e+00
2.283405164057921599e+00
2.269036961742890490e+00
2.295060406518520946e+00
2.258368293272580374e+00
2.292948283087189232e+00
2.270527841778261280e+00
2.278174332070594055e+00
2.326605774700006180e+00
2.269861271090880539e+00
2.280895155226106308e+00
2.273391177124465035e+00
2.271097343593841522e+00
2.275417386782210283e+00
2.288330360820185039e+00
2.275024968146935223e+00
2.292166757003664568e+00
2.326383540180941623e+00
2.303711094872044285e+00
2.271598061423716342e+00
2.279622924906649750e+00
2.270175451121001053e+00
2.274839077744432281e+00
2.270683528908647109e+00
2.298250267568184402e+00
2.282289916361946336e+00
2.282606027740052834e+00
2.270754934051421703e+00
2.299628219027626486e+00
2.303917663757010459e+00
2.282005799159158244e+00
2.258359866502212210e+00
2.291019829109403272e+00
2.319251977947203169e+00
2.309385946273244894e+00
2.286259969790119584e+00
2.262897859109351817e+00
2.265181991944252626e+00
2.304017307687917793e+00
2.250102138487753312e+00
2.262545299310286140e+00
2.263689282776203182e+00
2.275198810783811254e+00
2.275188536957007734e+00
2.328443391964141629e+00
2.268559441077361516e+00
2.284647238160728122e+00
2.284311526483922883e+00
2.276874318469624736e+00
2.290940972004141152e+00
