2.271648100369539680e+00
2.267357749571171421e+00
2.298634246076720622e+00
2.291340516343233880e+00
2.301162962935997758e+00
2.303605766124905863e+00
2.283620368752593333e+00
2.275060203592776720e+00
2.281715188310228015e+00
2.290115933624421896e+00
2.289366058064645326e+00
2.268089867420731487e+00
2.275681134994089305e+00
2.281366511791967699e+00
2.304336526377853911e+00
2.285983293633367275e+00
2.275650144266357700e+00
2.270385226233239351e+00
2.283211514433624245e+00
2.267796572933710841e+00
2.274291974478556799e+00
2.269361479377516755e+00
2.264971361179497489e+00
2.264152150325600577e+00
2.292630193909586556e+00
2.285648549513176864e+00
2.269509883123896454e+00
2.258330468424869064e+00
2.288173129405328243e+00
2.279677271826951568e+00
2.304580423592162308e+00
2.267784510796526654e+00
2.276995542672989981e+00
2.267115625739556162e+00
2.274701400055048062e+00
2.286962667904583135e+00
2.291434077113365664e+00
2.277328471851806313e+00
2.266452286220987045e+00
2.277759138331242994e+00
2.275271920687617744e+00
2.268960698828740075e+00
2.289877858663640353e+00
2.260757628413035736e+00
2.284738578616114957e+00
2.264251572499330400e+00
2.286280155455129304e+00
2.291775757792965162e+00
2.270857478207209734e+00
2.276728136724622154e+00
2.268468034094788255e+00
2.297996863706286863e+00
2.267350806375157735e+00
2.288954648325571828e+00
2.292998959016831151e+00
2.264211063965275272e+00
2.285540963858946117e+00
2.282671061662178591e+00
2.271819891763202204e+00
2.285844563036509847e+00
2.263058332727689415e+00
2.290287582684790824e+00
2.283340498604490065e+00
2.276904939768839231e+00
