2.281458016162690061e+00
2.274439257195628450e+00
2.267035820680306291e+00
2.277019418662784123e+00
2.289253111109539773e+00
2.285065114430377964e+00
2.272277438193210486e+00
2.267106774820917714e+00
2.300632496674356986e+00
2.268221481945174478e+00
2.315733230570043766e+00
2.261855641637264824e+00
2.260897114435677757e+00
2.282607554375381209e+00
2.308903390496473751e+00
2.277497575282364739e+00
2.272963541102034135e+00
2.301765159643161862e+00
2.269468734799479748e+00
2.246756015405899198e+00
2.265778200825154798e+00
2.266655017482306800e+00
2.262102621346462783e+00
2.271727745815849797e+00
2.281195425468098836e+00
2.271698760423541685e+00
2.291166577616544409e+00
2.278839779110670261e+00
2.296784502302726683e+00
2.285905057690933884e+00
2.293096136699515952e+00
2.265505219551417149e+00
2.283711801342369618e+00
2.298812302207787983e+00
2.293683565362780730e+00
2.280660159845242063e+00
2.290960226483996554e+00
2.275961112283116261e+00
2.266418328266871729e+00
2.261731308808816010e+00
2.266746033947574013e+00
2.284390041055881504e+00
2.280736371656397310e+00
2.281528582749256628e+00
2.279298369197707341e+00
2.260037822148802888e+00
2.296618911099082005e+00
2.272381185121320257e+00
2.285503154500974077e+00
2.274218098802503363e+00
2.289521354947563925e+00
2.277674017024702291e+00
2.262046523735847359e+00
2.288613072124251246e+00
2.274943423510048746e+00
2.292774702248152163e+00
2.287191243874334035e+00
2.268551622329335160e+00
2.264658582923965824e+00
2.265609533878523596e+00
2.293563467622337093e+00
2.256046703334680714e+00
2.277084824010221720e+00
2.271390584800655699e+00
