0.000000000000000000e+00
0.000000000000000000e+00
0.000000000000000000e+00
0.000000000000000000e+00
0.000000000000000000e+00
0.000000000000000000e+00
0.000000000000000000e+00
0.000000000000000000e+00
0.000000000000000000e+00
0.000000000000000000e+00
6.382812499999999598e-03
7.110937500000000071e-03
7.546874999999999764e-03
8.210937499999999487e-03
8.778124999999999470e-03
9.465625000000000080e-03
1.023437500000000042e-02
1.078124999999999917e-02
1.165937499999999960e-02
1.223593750000000029e-02
1.318125000000000026e-02
1.388906250000000037e-02
1.447656249999999985e-02
1.524218750000000053e-02
1.607656249999999884e-02
1.700781250000000036e-02
1.763906250000000023e-02
1.884374999999999939e-02
1.991562499999999930e-02
2.100312500000000096e-02
2.276250000000000148e-02
2.325624999999999915e-02
2.399531250000000102e-02
2.386093749999999847e-02
2.408281249999999832e-02
2.452031249999999871e-02
2.514062499999999978e-02
2.592343750000000030e-02
2.641406249999999831e-02
2.729218749999999874e-02
2.763281249999999939e-02
2.797031250000000038e-02
2.895000000000000004e-02
2.906406250000000135e-02
2.967187500000000033e-02
3.064218750000000102e-02
3.117656250000000115e-02
3.378124999999999878e-02
4.408281249999999873e-02
4.428437500000000082e-02
4.516718749999999727e-02
4.058281250000000256e-02
3.709062500000000207e-02
3.756093750000000231e-02
3.789062499999999722e-02
3.855468749999999695e-02
3.878437500000000288e-02
3.975937499999999958e-02
3.927656250000000071e-02
3.908437499999999759e-02
3.942812500000000137e-02
4.018593749999999770e-02
4.021249999999999825e-02
3.998437500000000255e-02
3.979687500000000239e-02
3.959062499999999735e-02
3.978437499999999682e-02
3.975937499999999958e-02
3.852499999999999675e-02
3.733593749999999933e-02
3.556875000000000314e-02
3.360937499999999689e-02
3.096093750000000061e-02
3.024531249999999963e-02
3.000156249999999872e-02
2.864218749999999925e-02
2.805156249999999837e-02
2.702812500000000007e-02
2.590468749999999890e-02
2.410468749999999938e-02
2.287187499999999984e-02
2.116250000000000075e-02
1.999218750000000128e-02
1.818281249999999932e-02
1.709062500000000165e-02
1.582187499999999913e-02
1.437656250000000045e-02
1.282656249999999942e-02
1.170000000000000033e-02
1.022343749999999989e-02
9.156249999999999459e-03
7.982812500000000325e-03
7.078125000000000215e-03
6.362500000000000100e-03
5.679687499999999840e-03
4.912500000000000200e-03
4.179687500000000243e-03
3.807812499999999999e-03
3.249999999999999851e-03
2.903124999999999890e-03
2.848437499999999841e-03
2.432812500000000079e-03
2.037499999999999815e-03
1.831249999999999978e-03
1.707812499999999912e-03
1.446875000000000027e-03
1.256249999999999988e-03
1.178124999999999919e-03
9.546875000000000239e-04
8.718750000000000371e-04
0.000000000000000000e+00
0.000000000000000000e+00
0.000000000000000000e+00
0.000000000000000000e+00
0.000000000000000000e+00
0.000000000000000000e+00
0.000000000000000000e+00
0.000000000000000000e+00
0.000000000000000000e+00
0.000000000000000000e+00
