-0.000000000000000000e+00
-0.000000000000000000e+00
-0.000000000000000000e+00
-0.000000000000000000e+00
-0.000000000000000000e+00
-0.000000000000000000e+00
-0.000000000000000000e+00
-0.000000000000000000e+00
-0.000000000000000000e+00
-0.000000000000000000e+00
3.431380883649981506e+00
3.343310169043507418e+00
3.286349866910887485e+00
3.214581242729036781e+00
3.145953010631044933e+00
3.083994559133813151e+00
3.029109759268487245e+00
2.987644727084481922e+00
2.933598291425389526e+00
2.902027273557858056e+00
2.863498360518659247e+00
2.824463687545656576e+00
2.828229251477947681e+00
2.809229733901555282e+00
2.795529873070914384e+00
2.787387641861676091e+00
2.772067842058343334e+00
2.767769570894107911e+00
2.710808381498911679e+00
2.625349435796917152e+00
2.544834015615256906e+00
2.507724886042079770e+00
2.499229800653030242e+00
2.489880080327316669e+00
2.464495280835676372e+00
2.438835150592924439e+00
2.397055502009839856e+00
2.360701607226188603e+00
2.291578004440141481e+00
2.213811371756603030e+00
2.151062773716976295e+00
2.086468433363614761e+00
1.972988802831674660e+00
1.867824693076372666e+00
1.736090825638467505e+00
1.602829198678081823e+00
1.478123513356105478e+00
1.277828222899644706e+00
5.756073703328783431e-01
4.720775835105652796e-01
3.753569390282316953e-01
6.328056180085526172e-01
7.134604953127121618e-01
6.435769089751472993e-01
6.035729340005956400e-01
5.631594568133234668e-01
5.228921700011668339e-01
5.424319924893484801e-01
5.262507926752744147e-01
5.126079643160135202e-01
4.753397494700409842e-01
4.566535186427679305e-01
4.940629636185630003e-01
5.283480376468214779e-01
5.504134334082532165e-01
5.977738383276895995e-01
6.503859698611905715e-01
6.864109558264257505e-01
7.438080046501134301e-01
8.244832759910234454e-01
9.034328792658514740e-01
1.081376098953195752e+00
1.228526534125533809e+00
1.265075552658238234e+00
1.364058400927079306e+00
1.408708684914455667e+00
1.501921019280540115e+00
1.599430676229613324e+00
1.692503277477099166e+00
1.798267945660362299e+00
1.955115711616227436e+00
2.092972532960682752e+00
2.258534181455080336e+00
2.435279574913230771e+00
2.619312974389788717e+00
2.819205363379682971e+00
3.029351264081377781e+00
3.246241168595567661e+00
3.472889550517606505e+00
3.705222880289203324e+00
3.934508914605134411e+00
4.187837298888601012e+00
4.407503815085001442e+00
4.636941856551048957e+00
4.857317564667895660e+00
5.076047038452024651e+00
5.284985488552212729e+00
5.470149884083858716e+00
5.669528068317169378e+00
5.832496413270747304e+00
5.902170501350416210e+00
6.008395350222178521e+00
6.146885495261686927e+00
6.291272058452599403e+00
6.401137083634355740e+00
6.514430270412355561e+00
6.635533773892613674e+00
6.733525832194422911e+00
6.831281278788519096e+00
6.935294769499736667e+00
-0.000000000000000000e+00
-0.000000000000000000e+00
-0.000000000000000000e+00
-0.000000000000000000e+00
-0.000000000000000000e+00
-0.000000000000000000e+00
-0.000000000000000000e+00
-0.000000000000000000e+00
-0.000000000000000000e+00
-0.000000000000000000e+00
