2.127234674017776772e+00
2.132868900084837538e+00
2.133369218682428681e+00
2.135283726355077683e+00
2.127016429428026267e+00
2.129054889956364160e+00
2.135344398416696876e+00
2.118683174044729167e+00
2.138889600464661367e+00
2.127874330455298502e+00
2.127804981804904738e+00
2.131979630510175916e+00
2.132619212038432188e+00
2.124901412410200141e+00
2.143832851901329661e+00
2.139382724007671932e+00
2.138507521425021096e+00
2.132433929373890535e+00
2.129166928552655325e+00
2.129702537720643551e+00
2.121466317521395251e+00
2.131734198916256595e+00
2.129514289402568927e+00
2.115451358950123151e+00
2.128704855864093304e+00
2.132199503786842421e+00
2.128611472505271607e+00
2.127996456464948505e+00
2.138393631188452382e+00
2.131274175737909893e+00
2.136942970734523328e+00
2.130109777132253690e+00
2.126506158714888794e+00
2.132525479597127571e+00
2.135511127971219114e+00
2.139921208160970867e+00
2.119970616935134888e+00
2.118675573207607243e+00
2.133836850058610235e+00
2.124512568583459604e+00
2.130076771191662388e+00
2.140324534534656209e+00
2.126580976072338647e+00
2.131137752445233513e+00
2.130207052729765405e+00
2.136557043670693545e+00
2.129470397614145583e+00
2.124123162153900068e+00
2.130677238197786316e+00
2.118247289582549264e+00
2.129448328419401903e+00
2.127447050791483996e+00
2.135188167656402847e+00
2.138108182164593973e+00
2.124881035383795691e+00
2.129853674960897170e+00
2.148038648838516362e+00
2.129707792430903801e+00
2.143305182861356073e+00
2.133751305893880623e+00
2.138879818384168185e+00
2.138682777449632422e+00
2.145393461091814391e+00
2.145651455538319485e+00
