2.127432149782471971e+00
2.130937066565209204e+00
2.129813688394586624e+00
2.138454019074267354e+00
2.127108931508233880e+00
2.144407075346812963e+00
2.126375553832624998e+00
2.121142868334747522e+00
2.133548363074273979e+00
2.129903645449648053e+00
2.141874216904359418e+00
2.134747666811047218e+00
2.121221433387770361e+00
2.138771711469382719e+00
2.133745938511619755e+00
2.118033766995984557e+00
2.125236415380521660e+00
2.139756929476652747e+00
2.137149877390987829e+00
2.121452985163160054e+00
2.131748237333711327e+00
2.125499203437010376e+00
2.120915815088218803e+00
2.132767478060047406e+00
2.129289643186272230e+00
2.142231281594087378e+00
2.127116378532917906e+00
2.131004984108995970e+00
2.132258203259273621e+00
2.134319960358042945e+00
2.110369680532432568e+00
2.135989912276259783e+00
2.135794612471038967e+00
2.136642790319523755e+00
2.136618612789873861e+00
2.134714898205290812e+00
2.118729084804082508e+00
2.139905679901815905e+00
2.128163225984758711e+00
2.133545647445449056e+00
2.141118284698301011e+00
2.117946217165179945e+00
2.141757949195020494e+00
2.148924258851607316e+00
2.142300319960564359e+00
2.135439273410133065e+00
2.123829771100486319e+00
2.136704287919139134e+00
2.149580100666589555e+00
2.140991295698121188e+00
2.134871914373206003e+00
2.146081417514323686e+00
2.132052141594631856e+00
2.124121306944788401e+00
2.129163290807742914e+00
2.126203024360160398e+00
2.126011245658272930e+00
2.144251089127017895e+00
2.137150026956343929e+00
2.126762734798655519e+00
2.127675170333171106e+00
2.132525934876634999e+00
2.109015897077683555e+00
2.125816580230178054e+00
