0.000000000000000000e+00
0.000000000000000000e+00
0.000000000000000000e+00
0.000000000000000000e+00
0.000000000000000000e+00
0.000000000000000000e+00
0.000000000000000000e+00
0.000000000000000000e+00
0.000000000000000000e+00
0.000000000000000000e+00
0.000000000000000000e+00
0.000000000000000000e+00
0.000000000000000000e+00
0.000000000000000000e+00
0.000000000000000000e+00
0.000000000000000000e+00
0.000000000000000000e+00
0.000000000000000000e+00
0.000000000000000000e+00
0.000000000000000000e+00
0.000000000000000000e+00
0.000000000000000000e+00
0.000000000000000000e+00
0.000000000000000000e+00
0.000000000000000000e+00
9.052734375000000278e-02
9.052734375000000278e-02
1.042968749999999972e-01
9.697265624999999722e-02
1.060546874999999944e-01
1.075195312499999944e-01
1.163085937499999944e-01
1.072265624999999972e-01
1.274414062500000000e-01
1.291992187500000111e-01
1.371093750000000056e-01
1.447265624999999889e-01
1.444335937500000056e-01
1.541015625000000111e-01
1.485351562499999944e-01
1.444335937500000056e-01
1.508789062500000000e-01
1.655273437500000000e-01
1.620117187500000056e-01
1.678710937500000056e-01
1.746093750000000111e-01
1.790039062500000111e-01
1.772460937500000000e-01
1.883789062500000056e-01
1.927734375000000056e-01
1.995117187500000111e-01
2.047851562499999889e-01
1.948242187500000000e-01
2.223632812499999889e-01
2.138671875000000000e-01
2.071289062499999944e-01
2.150390624999999889e-01
2.112304687500000111e-01
2.091796874999999889e-01
2.080078125000000000e-01
2.185546875000000111e-01
2.288085937500000111e-01
2.326171874999999889e-01
2.446289062500000000e-01
2.636718750000000000e-01
2.416992187500000000e-01
2.507812500000000111e-01
2.428710937499999889e-01
2.501953124999999889e-01
2.683593750000000111e-01
2.592773437500000000e-01
2.616210937499999778e-01
2.830078125000000111e-01
2.771484375000000111e-01
2.786132812500000111e-01
2.982421874999999778e-01
2.938476562499999778e-01
2.736328124999999889e-01
2.903320312500000111e-01
3.008789062500000222e-01
2.912109374999999889e-01
3.029296874999999889e-01
3.123046875000000111e-01
3.102539062499999889e-01
3.199218750000000222e-01
3.213867187500000222e-01
3.105468750000000000e-01
3.117187499999999889e-01
3.357421875000000111e-01
3.216796874999999778e-01
3.184570312500000222e-01
3.383789062500000000e-01
3.269531250000000111e-01
3.416015625000000111e-01
3.527343749999999889e-01
3.483398437499999889e-01
3.416015625000000111e-01
3.351562499999999889e-01
3.700195312499999778e-01
3.454101562499999889e-01
3.500976562500000000e-01
3.530273437500000000e-01
3.451171874999999778e-01
3.524414062499999778e-01
3.752929687500000111e-01
3.829101562500000222e-01
3.685546874999999778e-01
3.626953124999999778e-01
3.621093750000000111e-01
3.539062499999999778e-01
3.641601562499999778e-01
3.726562500000000222e-01
3.878906249999999889e-01
3.676757812500000000e-01
3.811523437500000111e-01
3.867187500000000000e-01
3.793945312500000000e-01
3.858398437500000222e-01
3.911132812500000000e-01
3.884765625000000111e-01
3.808593750000000000e-01
3.752929687500000111e-01
3.650390625000000111e-01
3.755859375000000222e-01
3.726562500000000222e-01
3.864257812499999889e-01
4.037109374999999778e-01
3.767578125000000111e-01
3.834960937499999889e-01
3.878906249999999889e-01
3.741210937500000222e-01
3.829101562500000222e-01
3.761718749999999889e-01
3.735351562500000000e-01
3.568359374999999778e-01
3.814453125000000222e-01
3.817382812499999778e-01
3.843750000000000222e-01
3.890624999999999778e-01
3.650390625000000111e-01
3.703124999999999889e-01
3.741210937500000222e-01
3.767578125000000111e-01
3.963867187499999778e-01
3.750000000000000000e-01
3.905273437499999778e-01
3.796875000000000111e-01
3.814453125000000222e-01
3.867187500000000000e-01
3.873046875000000222e-01
3.788085937499999778e-01
3.873046875000000222e-01
3.641601562499999778e-01
3.700195312499999778e-01
3.966796874999999889e-01
3.987304687500000111e-01
3.723632812500000111e-01
3.966796874999999889e-01
4.007812499999999778e-01
3.814453125000000222e-01
3.764648437500000000e-01
3.823242187500000000e-01
3.714843749999999778e-01
3.764648437500000000e-01
3.758789062499999778e-01
3.773437499999999778e-01
3.767578125000000111e-01
3.606445312500000111e-01
3.849609374999999889e-01
3.700195312499999778e-01
3.606445312500000111e-01
3.574218750000000000e-01
3.758789062499999778e-01
3.791015624999999889e-01
3.594726562500000222e-01
3.676757812500000000e-01
3.457031250000000000e-01
3.506835937500000222e-01
3.544921875000000000e-01
3.647460937500000000e-01
3.562500000000000111e-01
3.395507812499999889e-01
3.747070312499999889e-01
3.506835937500000222e-01
3.462890625000000222e-01
3.597656249999999778e-01
3.571289062499999889e-01
3.331054687500000222e-01
3.659179687499999889e-01
3.506835937500000222e-01
3.389648437500000222e-01
3.632812500000000000e-01
3.316406250000000222e-01
3.495117187499999778e-01
3.518554687500000111e-01
3.377929687499999778e-01
3.539062499999999778e-01
3.421874999999999778e-01
3.421874999999999778e-01
3.348632812499999778e-01
3.442382812500000000e-01
3.348632812499999778e-01
3.448242187500000222e-01
3.316406250000000222e-01
3.386718750000000111e-01
3.313476562500000111e-01
3.398437500000000000e-01
3.325195312500000000e-01
3.345703125000000222e-01
3.120117187500000000e-01
3.325195312500000000e-01
3.228515625000000222e-01
3.257812500000000222e-01
3.164062500000000000e-01
3.307617187499999889e-01
3.357421875000000111e-01
3.084960937499999778e-01
3.023437500000000222e-01
3.219726562499999889e-01
3.345703125000000222e-01
3.325195312500000000e-01
3.254882812500000111e-01
3.166992187500000111e-01
3.123046875000000111e-01
3.090820312500000000e-01
3.272460937500000222e-01
3.166992187500000111e-01
3.023437500000000222e-01
3.140625000000000222e-01
3.231445312499999778e-01
3.035156250000000111e-01
3.222656250000000000e-01
3.143554687499999778e-01
3.061523437500000000e-01
3.117187499999999889e-01
3.137695312500000111e-01
2.944335937500000000e-01
2.961914062500000111e-01
3.008789062500000222e-01
3.082031250000000222e-01
3.087890624999999889e-01
3.046875000000000000e-01
2.973632812500000000e-01
2.894531249999999778e-01
3.199218750000000222e-01
3.043945312499999889e-01
3.146484374999999889e-01
2.876953125000000222e-01
3.149414062500000000e-01
3.073242187499999889e-01
2.830078125000000111e-01
2.947265625000000111e-01
3.087890624999999889e-01
2.920898437500000222e-01
2.953124999999999778e-01
2.982421874999999778e-01
3.131835937499999889e-01
2.862304687500000222e-01
3.090820312500000000e-01
3.023437500000000222e-01
3.014648437499999889e-01
2.850585937499999778e-01
3.043945312499999889e-01
2.862304687500000222e-01
3.014648437499999889e-01
2.953124999999999778e-01
2.903320312500000111e-01
3.128906249999999778e-01
2.979492187500000222e-01
2.707031249999999889e-01
2.888671875000000111e-01
3.038085937500000222e-01
3.038085937500000222e-01
3.076171875000000000e-01
3.155273437500000222e-01
2.862304687500000222e-01
2.847656250000000222e-01
2.862304687500000222e-01
2.935546875000000222e-01
2.997070312499999778e-01
2.932617187500000111e-01
3.093750000000000111e-01
2.815429687500000111e-01
2.982421874999999778e-01
3.035156250000000111e-01
2.947265625000000111e-01
2.862304687500000222e-01
3.014648437499999889e-01
2.997070312499999778e-01
2.765624999999999889e-01
2.967773437499999778e-01
3.061523437500000000e-01
3.096679687500000222e-01
3.055664062499999778e-01
3.002929687500000000e-01
2.920898437500000222e-01
3.064453125000000111e-01
2.850585937499999778e-01
3.046875000000000000e-01
2.938476562499999778e-01
2.958984375000000000e-01
2.991210937500000111e-01
3.152343750000000111e-01
3.038085937500000222e-01
3.002929687500000000e-01
3.228515625000000222e-01
3.120117187500000000e-01
3.032226562500000000e-01
2.932617187500000111e-01
3.166992187500000111e-01
3.008789062500000222e-01
3.020507812500000111e-01
2.929687500000000000e-01
2.999999999999999889e-01
3.082031250000000222e-01
3.038085937500000222e-01
3.055664062499999778e-01
3.131835937499999889e-01
3.032226562500000000e-01
2.929687500000000000e-01
3.096679687500000222e-01
3.260742187499999778e-01
3.175781249999999889e-01
3.155273437500000222e-01
3.099609374999999778e-01
3.084960937499999778e-01
3.181640625000000111e-01
3.143554687499999778e-01
3.199218750000000222e-01
3.149414062500000000e-01
3.105468750000000000e-01
3.190429687499999889e-01
3.219726562499999889e-01
3.017578125000000000e-01
3.099609374999999778e-01
3.052734375000000222e-01
3.295898437500000000e-01
3.140625000000000222e-01
3.128906249999999778e-01
3.172851562499999778e-01
2.926757812499999889e-01
3.225585937500000111e-01
3.166992187500000111e-01
3.363281249999999778e-01
3.339843750000000000e-01
3.319335937499999778e-01
3.164062500000000000e-01
3.152343750000000111e-01
3.369140625000000000e-01
3.427734375000000000e-01
3.395507812499999889e-01
3.292968749999999889e-01
3.292968749999999889e-01
3.284179687500000111e-01
3.260742187499999778e-01
3.146484374999999889e-01
3.254882812500000111e-01
3.395507812499999889e-01
3.310546875000000000e-01
3.369140625000000000e-01
3.319335937499999778e-01
3.336914062499999889e-01
3.284179687500000111e-01
3.161132812499999889e-01
3.111328125000000222e-01
3.246093749999999778e-01
3.404296875000000222e-01
3.339843750000000000e-01
3.345703125000000222e-01
3.474609375000000111e-01
3.392578124999999778e-01
3.117187499999999889e-01
3.196289062500000111e-01
3.213867187500000222e-01
3.225585937500000111e-01
3.369140625000000000e-01
3.254882812500000111e-01
3.310546875000000000e-01
3.433593750000000222e-01
3.369140625000000000e-01
3.500976562500000000e-01
3.292968749999999889e-01
3.216796874999999778e-01
3.348632812499999778e-01
3.468749999999999889e-01
3.530273437500000000e-01
3.541992187499999889e-01
3.348632812499999778e-01
3.375000000000000222e-01
3.307617187499999889e-01
3.600585937499999889e-01
3.298828125000000111e-01
3.386718750000000111e-01
3.295898437500000000e-01
3.304687499999999778e-01
3.459960937500000111e-01
3.246093749999999778e-01
3.369140625000000000e-01
3.196289062500000111e-01
3.413085937500000000e-01
3.430664062500000111e-01
3.328125000000000111e-01
3.351562499999999889e-01
3.278320312499999889e-01
3.202148437499999778e-01
3.298828125000000111e-01
3.339843750000000000e-01
3.413085937500000000e-01
3.383789062500000000e-01
3.257812500000000222e-01
3.468749999999999889e-01
3.366210937499999889e-01
3.369140625000000000e-01
3.193359375000000000e-01
3.263671874999999889e-01
3.260742187499999778e-01
3.377929687499999778e-01
3.316406250000000222e-01
3.093750000000000111e-01
3.316406250000000222e-01
3.462890625000000222e-01
3.225585937500000111e-01
3.213867187500000222e-01
3.002929687500000000e-01
3.284179687500000111e-01
3.295898437500000000e-01
3.369140625000000000e-01
3.389648437500000222e-01
3.354492187500000000e-01
3.372070312500000111e-01
3.269531250000000111e-01
3.257812500000000222e-01
3.495117187499999778e-01
3.178710937500000000e-01
3.348632812499999778e-01
3.375000000000000222e-01
3.483398437499999889e-01
3.099609374999999778e-01
3.249023437499999889e-01
3.237304687500000000e-01
3.222656250000000000e-01
3.249023437499999889e-01
3.284179687500000111e-01
3.219726562499999889e-01
3.017578125000000000e-01
3.181640625000000111e-01
3.134765625000000000e-01
3.246093749999999778e-01
3.134765625000000000e-01
3.111328125000000222e-01
3.298828125000000111e-01
3.041015624999999778e-01
3.181640625000000111e-01
3.125976562500000222e-01
3.325195312500000000e-01
3.125976562500000222e-01
3.128906249999999778e-01
3.161132812499999889e-01
3.093750000000000111e-01
3.328125000000000111e-01
3.140625000000000222e-01
3.172851562499999778e-01
3.108398437500000111e-01
3.339843750000000000e-01
3.105468750000000000e-01
3.231445312499999778e-01
3.123046875000000111e-01
3.035156250000000111e-01
3.125976562500000222e-01
3.108398437500000111e-01
3.278320312499999889e-01
3.307617187499999889e-01
3.149414062500000000e-01
3.351562499999999889e-01
3.360351562500000222e-01
3.146484374999999889e-01
3.052734375000000222e-01
3.140625000000000222e-01
3.158203124999999778e-01
3.219726562499999889e-01
3.149414062500000000e-01
2.970703124999999889e-01
2.979492187500000222e-01
3.331054687500000222e-01
3.196289062500000111e-01
3.131835937499999889e-01
3.099609374999999778e-01
3.090820312500000000e-01
3.055664062499999778e-01
2.938476562499999778e-01
3.257812500000000222e-01
3.178710937500000000e-01
3.014648437499999889e-01
3.082031250000000222e-01
2.997070312499999778e-01
3.046875000000000000e-01
2.935546875000000222e-01
3.011718749999999778e-01
3.096679687500000222e-01
3.032226562500000000e-01
3.164062500000000000e-01
2.888671875000000111e-01
3.041015624999999778e-01
3.105468750000000000e-01
3.131835937499999889e-01
3.158203124999999778e-01
3.061523437500000000e-01
3.087890624999999889e-01
3.120117187500000000e-01
2.944335937500000000e-01
3.193359375000000000e-01
3.082031250000000222e-01
3.099609374999999778e-01
3.184570312500000222e-01
3.196289062500000111e-01
3.155273437500000222e-01
2.991210937500000111e-01
3.099609374999999778e-01
3.099609374999999778e-01
3.123046875000000111e-01
3.049804687500000111e-01
3.172851562499999778e-01
3.052734375000000222e-01
3.067382812500000222e-01
3.108398437500000111e-01
3.055664062499999778e-01
3.181640625000000111e-01
3.187499999999999778e-01
3.076171875000000000e-01
3.087890624999999889e-01
3.219726562499999889e-01
3.038085937500000222e-01
3.137695312500000111e-01
2.982421874999999778e-01
2.923828124999999778e-01
3.172851562499999778e-01
3.134765625000000000e-01
3.257812500000000222e-01
3.243164062500000222e-01
3.146484374999999889e-01
3.061523437500000000e-01
3.120117187500000000e-01
3.216796874999999778e-01
3.137695312500000111e-01
3.275390624999999778e-01
3.269531250000000111e-01
3.108398437500000111e-01
3.278320312499999889e-01
3.131835937499999889e-01
3.073242187499999889e-01
3.468749999999999889e-01
3.143554687499999778e-01
3.120117187500000000e-01
3.254882812500000111e-01
3.219726562499999889e-01
3.210937500000000111e-01
3.310546875000000000e-01
3.295898437500000000e-01
3.301757812500000222e-01
3.331054687500000222e-01
3.093750000000000111e-01
3.020507812500000111e-01
3.287109375000000222e-01
3.275390624999999778e-01
3.213867187500000222e-01
3.249023437499999889e-01
3.222656250000000000e-01
3.199218750000000222e-01
3.140625000000000222e-01
3.263671874999999889e-01
3.234374999999999889e-01
3.372070312500000111e-01
3.225585937500000111e-01
3.260742187499999778e-01
3.328125000000000111e-01
3.249023437499999889e-01
3.225585937500000111e-01
3.216796874999999778e-01
3.260742187499999778e-01
3.275390624999999778e-01
3.436523437499999778e-01
3.351562499999999889e-01
3.395507812499999889e-01
3.313476562500000111e-01
3.369140625000000000e-01
3.354492187500000000e-01
3.322265624999999889e-01
3.354492187500000000e-01
3.275390624999999778e-01
3.237304687500000000e-01
3.339843750000000000e-01
3.231445312499999778e-01
3.237304687500000000e-01
3.287109375000000222e-01
3.313476562500000111e-01
3.325195312500000000e-01
3.401367187500000111e-01
3.225585937500000111e-01
3.401367187500000111e-01
3.292968749999999889e-01
3.278320312499999889e-01
3.166992187500000111e-01
3.468749999999999889e-01
3.547851562500000111e-01
3.295898437500000000e-01
3.477539062500000222e-01
3.380859374999999889e-01
3.401367187500000111e-01
3.363281249999999778e-01
3.489257812500000111e-01
3.251953125000000000e-01
3.401367187500000111e-01
3.392578124999999778e-01
3.445312500000000111e-01
3.325195312500000000e-01
3.360351562500000222e-01
3.389648437500000222e-01
3.465820312499999778e-01
3.263671874999999889e-01
3.266601562500000000e-01
3.125976562500000222e-01
3.319335937499999778e-01
3.181640625000000111e-01
3.407226562499999778e-01
3.375000000000000222e-01
3.354492187500000000e-01
3.597656249999999778e-01
3.266601562500000000e-01
3.413085937500000000e-01
3.559570312500000000e-01
3.345703125000000222e-01
3.427734375000000000e-01
3.278320312499999889e-01
3.196289062500000111e-01
3.427734375000000000e-01
3.457031250000000000e-01
3.404296875000000222e-01
3.287109375000000222e-01
3.210937500000000111e-01
3.518554687500000111e-01
3.500976562500000000e-01
3.351562499999999889e-01
3.395507812499999889e-01
3.375000000000000222e-01
3.386718750000000111e-01
3.495117187499999778e-01
3.213867187500000222e-01
3.205078124999999889e-01
3.515625000000000000e-01
3.322265624999999889e-01
3.544921875000000000e-01
2.982421874999999778e-01
3.451171874999999778e-01
3.448242187500000222e-01
3.208007812500000000e-01
3.155273437500000222e-01
3.292968749999999889e-01
3.257812500000000222e-01
3.234374999999999889e-01
3.301757812500000222e-01
3.210937500000000111e-01
3.380859374999999889e-01
3.336914062499999889e-01
3.219726562499999889e-01
3.366210937499999889e-01
3.319335937499999778e-01
3.275390624999999778e-01
3.509765624999999778e-01
3.325195312500000000e-01
3.342773437500000111e-01
3.295898437500000000e-01
3.436523437499999778e-01
3.386718750000000111e-01
3.448242187500000222e-01
3.392578124999999778e-01
3.290039062499999778e-01
3.304687499999999778e-01
3.298828125000000111e-01
3.375000000000000222e-01
3.348632812499999778e-01
3.205078124999999889e-01
3.114257812499999778e-01
3.149414062500000000e-01
3.181640625000000111e-01
3.266601562500000000e-01
3.222656250000000000e-01
3.269531250000000111e-01
3.169921875000000222e-01
3.246093749999999778e-01
3.416015625000000111e-01
3.278320312499999889e-01
3.070312499999999778e-01
3.304687499999999778e-01
3.363281249999999778e-01
2.985351562499999889e-01
3.137695312500000111e-01
3.143554687499999778e-01
3.295898437500000000e-01
3.190429687499999889e-01
3.307617187499999889e-01
3.175781249999999889e-01
3.090820312500000000e-01
3.392578124999999778e-01
3.172851562499999778e-01
3.117187499999999889e-01
3.052734375000000222e-01
3.272460937500000222e-01
3.046875000000000000e-01
2.958984375000000000e-01
3.125976562500000222e-01
3.023437500000000222e-01
3.152343750000000111e-01
3.181640625000000111e-01
3.064453125000000111e-01
3.158203124999999778e-01
3.087890624999999889e-01
3.108398437500000111e-01
2.956054687499999889e-01
3.032226562500000000e-01
3.272460937500000222e-01
2.885742187500000000e-01
3.055664062499999778e-01
2.944335937500000000e-01
2.994140625000000222e-01
3.266601562500000000e-01
3.005859375000000111e-01
3.137695312500000111e-01
3.052734375000000222e-01
3.020507812500000111e-01
3.046875000000000000e-01
2.964843750000000222e-01
3.114257812499999778e-01
3.117187499999999889e-01
2.906250000000000222e-01
3.038085937500000222e-01
3.082031250000000222e-01
3.111328125000000222e-01
3.052734375000000222e-01
2.982421874999999778e-01
2.944335937500000000e-01
3.082031250000000222e-01
2.885742187500000000e-01
3.076171875000000000e-01
2.985351562499999889e-01
3.049804687500000111e-01
3.055664062499999778e-01
3.193359375000000000e-01
3.017578125000000000e-01
2.868164062499999889e-01
2.967773437499999778e-01
2.923828124999999778e-01
3.111328125000000222e-01
2.885742187500000000e-01
3.002929687500000000e-01
3.029296874999999889e-01
3.175781249999999889e-01
2.991210937500000111e-01
2.999999999999999889e-01
3.049804687500000111e-01
2.979492187500000222e-01
2.985351562499999889e-01
2.991210937500000111e-01
3.152343750000000111e-01
3.029296874999999889e-01
2.938476562499999778e-01
3.240234375000000111e-01
3.090820312500000000e-01
3.196289062500000111e-01
2.997070312499999778e-01
3.046875000000000000e-01
3.111328125000000222e-01
3.125976562500000222e-01
3.234374999999999889e-01
3.269531250000000111e-01
3.166992187500000111e-01
3.102539062499999889e-01
2.973632812500000000e-01
3.117187499999999889e-01
2.964843750000000222e-01
2.953124999999999778e-01
3.105468750000000000e-01
3.243164062500000222e-01
3.146484374999999889e-01
3.187499999999999778e-01
3.123046875000000111e-01
3.131835937499999889e-01
3.331054687500000222e-01
3.128906249999999778e-01
3.105468750000000000e-01
3.298828125000000111e-01
3.237304687500000000e-01
3.275390624999999778e-01
3.301757812500000222e-01
3.342773437500000111e-01
3.310546875000000000e-01
3.486328125000000000e-01
3.117187499999999889e-01
3.351562499999999889e-01
3.544921875000000000e-01
3.307617187499999889e-01
3.345703125000000222e-01
3.345703125000000222e-01
3.465820312499999778e-01
3.386718750000000111e-01
3.383789062500000000e-01
3.377929687499999778e-01
3.480468749999999778e-01
3.483398437499999889e-01
3.386718750000000111e-01
3.251953125000000000e-01
3.462890625000000222e-01
3.492187500000000222e-01
3.395507812499999889e-01
3.372070312500000111e-01
3.439453124999999889e-01
3.401367187500000111e-01
3.377929687499999778e-01
3.597656249999999778e-01
3.533203125000000111e-01
3.459960937500000111e-01
3.562500000000000111e-01
3.588867187500000000e-01
3.492187500000000222e-01
3.679687500000000111e-01
3.714843749999999778e-01
3.398437500000000000e-01
3.802734374999999778e-01
3.512695312499999889e-01
3.641601562499999778e-01
3.574218750000000000e-01
3.641601562499999778e-01
3.547851562500000111e-01
3.788085937499999778e-01
3.638671875000000222e-01
3.659179687499999889e-01
3.521484375000000222e-01
3.638671875000000222e-01
3.527343749999999889e-01
3.761718749999999889e-01
3.729492187499999778e-01
3.820312499999999889e-01
3.621093750000000111e-01
3.656249999999999778e-01
3.893554687499999889e-01
3.799804687500000222e-01
3.870117187500000111e-01
3.896484375000000000e-01
3.802734374999999778e-01
3.978515624999999778e-01
3.755859375000000222e-01
3.890624999999999778e-01
3.820312499999999889e-01
3.738281250000000111e-01
3.858398437500000222e-01
3.726562500000000222e-01
3.708984375000000111e-01
3.893554687499999889e-01
3.966796874999999889e-01
3.691406250000000000e-01
3.752929687500000111e-01
3.688476562499999889e-01
3.785156250000000222e-01
3.852539062500000000e-01
3.861328124999999778e-01
3.609375000000000222e-01
3.817382812499999778e-01
3.829101562500000222e-01
3.735351562500000000e-01
4.086914062500000000e-01
3.764648437500000000e-01
3.826171875000000111e-01
3.761718749999999889e-01
3.826171875000000111e-01
3.916992187500000222e-01
3.919921874999999778e-01
4.001953125000000111e-01
3.711914062500000222e-01
3.764648437500000000e-01
4.113281249999999889e-01
3.755859375000000222e-01
3.667968750000000222e-01
3.890624999999999778e-01
3.776367187499999889e-01
3.670898437499999778e-01
3.855468750000000111e-01
3.706054687500000000e-01
3.788085937499999778e-01
3.799804687500000222e-01
3.612304687499999778e-01
3.694335937500000111e-01
3.565429687500000222e-01
3.752929687500000111e-01
3.834960937499999889e-01
3.691406250000000000e-01
3.767578125000000111e-01
3.568359374999999778e-01
3.615234374999999889e-01
3.667968750000000222e-01
3.618164062500000000e-01
3.503906250000000111e-01
3.521484375000000222e-01
3.395507812499999889e-01
3.380859374999999889e-01
3.421874999999999778e-01
3.454101562499999889e-01
3.439453124999999889e-01
3.205078124999999889e-01
3.290039062499999778e-01
3.284179687500000111e-01
3.108398437500000111e-01
3.284179687500000111e-01
3.313476562500000111e-01
3.372070312500000111e-01
3.046875000000000000e-01
3.193359375000000000e-01
3.234374999999999889e-01
3.260742187499999778e-01
3.187499999999999778e-01
3.096679687500000222e-01
3.032226562500000000e-01
3.090820312500000000e-01
2.999999999999999889e-01
2.844726562500000111e-01
2.721679687499999889e-01
3.035156250000000111e-01
2.774414062500000222e-01
2.794921874999999889e-01
2.622070312500000000e-01
2.663085937499999889e-01
2.827148437500000000e-01
2.475585937500000000e-01
2.601562499999999778e-01
2.704101562499999778e-01
2.531249999999999889e-01
2.651367187500000000e-01
2.378906249999999944e-01
2.440429687500000056e-01
2.285156250000000000e-01
2.346679687500000111e-01
2.252929687499999889e-01
2.153320312500000000e-01
2.361328125000000111e-01
2.203124999999999944e-01
2.197265625000000000e-01
2.118164062500000056e-01
1.998046874999999944e-01
2.065429687500000000e-01
1.948242187500000000e-01
1.886718749999999889e-01
1.968749999999999944e-01
1.907226562500000111e-01
1.892578125000000111e-01
1.968749999999999944e-01
1.872070312499999889e-01
1.851562499999999944e-01
1.740234374999999889e-01
1.658203125000000111e-01
1.526367187500000111e-01
1.593749999999999889e-01
1.476562499999999889e-01
1.526367187500000111e-01
1.476562499999999889e-01
1.362304687500000000e-01
1.212890625000000028e-01
1.303710937500000000e-01
1.371093750000000056e-01
1.280273437499999944e-01
1.250976562499999944e-01
1.104492187499999944e-01
1.075195312499999944e-01
1.083984375000000000e-01
1.054687500000000000e-01
9.755859375000000555e-02
9.755859375000000555e-02
9.052734375000000278e-02
0.000000000000000000e+00
0.000000000000000000e+00
0.000000000000000000e+00
0.000000000000000000e+00
0.000000000000000000e+00
0.000000000000000000e+00
0.000000000000000000e+00
0.000000000000000000e+00
0.000000000000000000e+00
0.000000000000000000e+00
0.000000000000000000e+00
0.000000000000000000e+00
0.000000000000000000e+00
0.000000000000000000e+00
0.000000000000000000e+00
0.000000000000000000e+00
0.000000000000000000e+00
0.000000000000000000e+00
0.000000000000000000e+00
0.000000000000000000e+00
0.000000000000000000e+00
0.000000000000000000e+00
0.000000000000000000e+00
0.000000000000000000e+00
0.000000000000000000e+00
