2.143116005593009632e+00
2.127457631659600779e+00
2.136459442815440646e+00
2.130423819008760766e+00
2.130316464685803268e+00
2.145430037394316258e+00
2.131138139965583100e+00
2.121370040298208526e+00
2.132335062176680562e+00
2.130424885573418248e+00
2.131918093631416600e+00
2.133124972473942726e+00
2.127581509496976775e+00
2.140927105720170864e+00
2.136792202053791279e+00
2.125019018652789082e+00
2.131838909750888522e+00
2.124389437905025879e+00
2.126707592611216668e+00
2.134252861639523768e+00
2.126817120468552869e+00
2.130107788768671906e+00
2.123839625070650605e+00
2.115250706418146276e+00
2.132511320064370164e+00
2.118374824566350512e+00
2.145366943884066124e+00
2.124667878608345717e+00
2.129180407033439248e+00
2.123300627160255249e+00
2.125596309900885661e+00
2.136559533984111248e+00
2.136201033468442034e+00
2.139023630541867504e+00
2.122300298739898672e+00
2.126201208398949216e+00
2.142582825029171190e+00
2.134378332340040263e+00
2.134221059321919078e+00
2.125872739056819949e+00
2.128695792310957735e+00
2.138108567231927104e+00
2.124368425015204842e+00
2.134774019567866610e+00
2.134816831996804165e+00
2.123112824474032490e+00
2.144864946110427883e+00
2.128189065189077578e+00
2.126739752602948119e+00
2.141072830187868092e+00
2.126134799465847713e+00
2.141083564428276631e+00
2.129524925871445706e+00
2.121086076534500542e+00
2.126011000107909776e+00
2.133751086032425803e+00
2.127849506271923818e+00
2.122198506949634300e+00
2.132482989502642923e+00
2.135237727712837597e+00
2.137423308154291490e+00
2.135774517597171407e+00
2.131518756767885936e+00
2.136696899523195636e+00
