2.137751373306985503e+00
2.124148539728560436e+00
2.131791001952902498e+00
2.122706331247417033e+00
2.120074061042814595e+00
2.121976524111978790e+00
2.128029136390276577e+00
2.125191135328432956e+00
2.137135833670017693e+00
2.129112395858277829e+00
2.112433064820620654e+00
2.138512807183531539e+00
2.122333117514609846e+00
2.141638012289607929e+00
2.133885927984876751e+00
2.135282247598234484e+00
2.130094238722128885e+00
2.116446500200542147e+00
2.131752556151176314e+00
2.135898641401319242e+00
2.117306352363214295e+00
2.134751805631256882e+00
2.115186458299539218e+00
2.131661494448935823e+00
2.133886211894446383e+00
2.135107435098328565e+00
2.122959014823214918e+00
2.125763650329985488e+00
2.117315972287445724e+00
2.132852854975183288e+00
2.129604421608890075e+00
2.130144320667445079e+00
2.122361492667086402e+00
2.129426012638273136e+00
2.133951536760385181e+00
2.120786098593286706e+00
2.144470752899775068e+00
2.124794003676188758e+00
2.137016393530535741e+00
2.129094202460458440e+00
2.126252197288043266e+00
2.137593506626568995e+00
2.132177011664282418e+00
2.126772271658524005e+00
2.135702253353170654e+00
2.135438940233264304e+00
2.133449510230963853e+00
2.138628189803272406e+00
2.115101848962950282e+00
2.127010984888161982e+00
2.117055457354484638e+00
2.120420416897345284e+00
2.127920134553489717e+00
2.122677523317431536e+00
2.123120339416648683e+00
2.125797787519431825e+00
2.125468998060457970e+00
2.123362919441500907e+00
2.131290729588136035e+00
2.129592165621734257e+00
2.131312898362014430e+00
2.125193820604007300e+00
2.123280527888666835e+00
2.131865719592116015e+00
