-0.000000000000000000e+00
-0.000000000000000000e+00
-0.000000000000000000e+00
-0.000000000000000000e+00
-0.000000000000000000e+00
-0.000000000000000000e+00
-0.000000000000000000e+00
-0.000000000000000000e+00
-0.000000000000000000e+00
-0.000000000000000000e+00
6.927431884553817198e+00
6.797025862726727929e+00
6.606667990614595531e+00
6.421552881218342890e+00
6.172095446872768676e+00
5.929987413242088223e+00
5.819417900966674217e+00
5.617176161811490154e+00
5.376244497101692055e+00
5.147320197175247358e+00
4.936665083779681495e+00
4.712708701659854782e+00
4.534449427811008348e+00
4.321135504208151623e+00
4.107982084067540285e+00
3.940315277317345988e+00
3.698027908391871232e+00
3.526636274926032932e+00
3.331433041380737592e+00
3.155239731605919307e+00
2.993003187870832527e+00
2.830030615827040297e+00
2.667522003369333206e+00
2.492449339502765593e+00
2.295166949358070418e+00
2.182635220885450256e+00
2.078952117109839293e+00
1.931239050733717821e+00
1.751722145656523510e+00
1.626619366510942744e+00
1.443008655492993286e+00
1.269259797106710108e+00
1.154711829144239976e+00
9.714437372568011098e-01
7.960058186665387447e-01
7.344297471802250232e-01
5.455348363406997692e-01
5.151037199635968289e-01
3.590593656393178401e-01
1.874677257754992776e-01
1.557357359046873113e-01
-8.395508111003832652e-02
-2.005772114857038713e-01
-4.178589870142389584e-01
-5.253988504585745956e-01
-5.037009919937982527e-01
-6.270535031690809280e-01
-8.228820695074215985e-01
-8.339915326506301962e-01
-8.919587540236119105e-01
-1.071956697786727863e+00
-9.889620277870622145e-01
-1.094940614055532890e+00
-1.155164245722348104e+00
-1.210372417329160788e+00
-1.223619960160224007e+00
-1.176657832744167687e+00
-1.114980462144521844e+00
-1.089546824551014925e+00
-1.083668506160832878e+00
-8.903749143578990610e-01
-8.375474423808243474e-01
-6.802472910800501094e-01
-6.117295549898454921e-01
-4.994870620634225822e-01
-3.166981790582937828e-01
-1.969477531473955711e-01
-6.899433000806780812e-03
3.168574559587313683e-02
3.064257231452295338e-01
4.709346335316830223e-01
6.161363428581910773e-01
7.632075982710955220e-01
9.728024501404745061e-01
1.098198831453904400e+00
1.953020106290621616e+00
2.614618434534344171e+00
2.848611725194678534e+00
2.981961492194749486e+00
2.909238540094719383e+00
2.995368573612131158e+00
3.116309929504545551e+00
3.329126412461082207e+00
3.508846817327552436e+00
3.579549943574109161e+00
3.700243120773472061e+00
4.009803007102158645e+00
4.322864094889348863e+00
4.533867146796431769e+00
4.649715775902375725e+00
4.814111959118601902e+00
5.039014314345674705e+00
5.215041003269702102e+00
5.442587890734412959e+00
5.682991517683769089e+00
5.935413743292832223e+00
6.063397480052244326e+00
6.153406075112085816e+00
6.277216202943762369e+00
6.447982317516547823e+00
-0.000000000000000000e+00
-0.000000000000000000e+00
-0.000000000000000000e+00
-0.000000000000000000e+00
-0.000000000000000000e+00
-0.000000000000000000e+00
-0.000000000000000000e+00
-0.000000000000000000e+00
-0.000000000000000000e+00
-0.000000000000000000e+00
