0.000000000000000000e+00
0.000000000000000000e+00
0.000000000000000000e+00
0.000000000000000000e+00
0.000000000000000000e+00
0.000000000000000000e+00
0.000000000000000000e+00
0.000000000000000000e+00
0.000000000000000000e+00
0.000000000000000000e+00
2.869218750000000068e-02
2.853281250000000088e-02
2.767031249999999873e-02
2.323437500000000155e-02
3.830625000000000002e-02
3.412968749999999857e-02
2.992500000000000021e-02
3.535312499999999913e-02
3.870937499999999726e-02
3.683437500000000253e-02
3.698593750000000319e-02
3.887812499999999949e-02
3.955000000000000182e-02
4.079062499999999702e-02
4.220937500000000037e-02
4.416093749999999707e-02
4.631718750000000245e-02
5.122812499999999936e-02
6.163124999999999853e-02
4.826874999999999916e-02
5.023593750000000108e-02
5.552812499999999762e-02
5.783125000000000071e-02
6.084531249999999836e-02
6.374062499999999520e-02
6.430624999999999536e-02
5.556406249999999714e-02
5.835156250000000239e-02
5.999062499999999881e-02
7.459843750000000329e-02
6.496406250000000271e-02
6.338437500000000668e-02
6.355937500000000129e-02
6.227031250000000101e-02
6.093749999999999861e-02
5.974218750000000189e-02
5.777343749999999667e-02
5.553593750000000023e-02
5.208125000000000254e-02
4.878281250000000152e-02
4.660312500000000219e-02
4.424687499999999801e-02
4.191093750000000201e-02
3.901874999999999788e-02
3.597031249999999708e-02
3.239218750000000258e-02
2.735937499999999828e-02
3.080000000000000099e-02
3.394843749999999771e-02
2.878125000000000128e-02
2.640781249999999900e-02
2.449531250000000146e-02
2.293749999999999956e-02
2.214843749999999972e-02
2.096718750000000145e-02
1.990000000000000102e-02
1.885468750000000165e-02
1.826562500000000061e-02
1.824062499999999989e-02
1.703125000000000125e-02
1.731718750000000098e-02
1.630156249999999835e-02
1.617031249999999892e-02
1.556874999999999926e-02
1.489531250000000057e-02
1.433593749999999972e-02
1.415156249999999921e-02
1.384999999999999946e-02
1.344062499999999945e-02
1.268750000000000086e-02
1.216718749999999918e-02
1.210781250000000052e-02
1.186093749999999995e-02
1.133124999999999931e-02
1.090937500000000067e-02
1.052656249999999946e-02
1.002031249999999971e-02
9.557812500000000336e-03
9.079687499999999217e-03
8.632812499999999861e-03
8.209374999999999659e-03
7.351562499999999591e-03
6.690625000000000391e-03
5.967187500000000269e-03
5.412499999999999777e-03
4.914062500000000028e-03
4.409375000000000100e-03
3.573437499999999791e-03
2.673437500000000033e-03
3.370312500000000044e-03
2.748437500000000012e-03
2.018750000000000145e-03
1.578125000000000101e-03
1.265625000000000040e-03
9.921875000000000139e-04
9.125000000000000082e-04
7.062499999999999551e-04
4.499999999999999877e-04
3.906250000000000217e-04
2.953125000000000021e-04
0.000000000000000000e+00
0.000000000000000000e+00
0.000000000000000000e+00
0.000000000000000000e+00
0.000000000000000000e+00
0.000000000000000000e+00
0.000000000000000000e+00
0.000000000000000000e+00
0.000000000000000000e+00
0.000000000000000000e+00
