-0.000000000000000000e+00
-0.000000000000000000e+00
-0.000000000000000000e+00
-0.000000000000000000e+00
-0.000000000000000000e+00
-0.000000000000000000e+00
-0.000000000000000000e+00
-0.000000000000000000e+00
-0.000000000000000000e+00
-0.000000000000000000e+00
-6.293991180572358068e+00
-6.246071000828285591e+00
-5.970294073417300673e+00
-5.868757753218273088e+00
-7.835103907969298120e+00
-7.374764359787816304e+00
-7.170611697463471046e+00
-8.105466099129058577e+00
-8.687992557168463748e+00
-8.242325069818891237e+00
-8.167921143864404598e+00
-8.258671886611766766e+00
-8.270366417443227647e+00
-8.326320250466887174e+00
-8.546391815576075857e+00
-8.735692050069726378e+00
-8.936553427059166665e+00
-9.080223060944424773e+00
-9.349852362583146004e+00
-8.049987653835945167e+00
-6.708971852047040052e+00
-6.935140595031000110e+00
-6.670437586698302113e+00
-6.773957516134026413e+00
-6.722239162172548355e+00
-6.697499282489618899e+00
-5.698488760336670289e+00
-5.084660046341014983e+00
-5.053520333860191727e+00
-5.510264150124433158e+00
-4.846728829753447876e+00
-3.577083919050690675e+00
-3.088513489876977935e+00
-1.875889053918619487e+00
-8.784806040384960379e-01
4.338684066863364164e-01
1.377167025312490800e+00
2.276950120349787277e+00
3.211739073430691427e+00
4.259654161421508434e+00
4.709841961936260368e+00
4.998412488383317864e+00
5.276094927449776151e+00
5.739836032326905091e+00
5.922114217273597880e+00
6.102641068741936792e+00
6.042768181932914651e+00
4.396042028308149163e+00
3.556350781878635292e+00
3.351828205915067915e+00
3.427711785015628010e+00
3.439375444753411948e+00
3.080585643699040865e+00
2.957589967537925801e+00
2.613017062955148351e+00
2.441272863451199093e+00
2.287717656571332636e+00
2.191602286854414938e+00
2.080169925692741728e+00
2.170106814223682345e+00
2.285645306742595473e+00
2.469089672546591174e+00
2.686532241589967729e+00
2.957756065240268573e+00
3.263570620513366105e+00
3.585623068866314433e+00
3.889793286773732373e+00
4.161506467253524910e+00
4.464114962145920629e+00
4.677711828724575582e+00
4.910938236200017570e+00
5.102840364855561361e+00
5.252815950048550064e+00
5.430642606233469394e+00
5.568898323127332795e+00
5.756316307135020516e+00
5.939435902490474817e+00
6.172751286539504889e+00
6.438446443091168980e+00
6.728595265802135295e+00
7.017209260773922708e+00
7.377165507624550145e+00
7.773327101963349861e+00
8.176128187371128675e+00
8.661297493763573385e+00
9.135757948380911486e+00
9.652775729918317893e+00
1.018430798128076908e+01
1.081717895410614183e+01
1.023634121753310566e+01
1.076564999786306664e+01
1.146361163843409514e+01
1.215370936048599226e+01
1.284939644339287312e+01
1.347924968146209146e+01
1.357434229347537524e+01
1.419846788020966599e+01
1.486662194974646312e+01
1.544826239661146161e+01
1.599903823744567077e+01
-0.000000000000000000e+00
-0.000000000000000000e+00
-0.000000000000000000e+00
-0.000000000000000000e+00
-0.000000000000000000e+00
-0.000000000000000000e+00
-0.000000000000000000e+00
-0.000000000000000000e+00
-0.000000000000000000e+00
-0.000000000000000000e+00
