0.000000000000000000e+00
0.000000000000000000e+00
0.000000000000000000e+00
0.000000000000000000e+00
0.000000000000000000e+00
0.000000000000000000e+00
0.000000000000000000e+00
0.000000000000000000e+00
0.000000000000000000e+00
0.000000000000000000e+00
6.664062499999999847e-03
7.787500000000000151e-03
8.685937499999999215e-03
1.006250000000000026e-02
1.116093750000000072e-02
1.296250000000000006e-02
1.420781249999999996e-02
1.579531249999999859e-02
1.758124999999999966e-02
1.934687499999999949e-02
2.136406249999999937e-02
2.366718749999999899e-02
2.541718750000000054e-02
2.745781250000000132e-02
2.940156249999999888e-02
3.185312500000000296e-02
3.404374999999999762e-02
3.674374999999999863e-02
3.912812499999999971e-02
4.200000000000000261e-02
4.360312499999999952e-02
4.503125000000000183e-02
4.712031249999999727e-02
4.910156250000000111e-02
5.054374999999999840e-02
5.214375000000000260e-02
5.342187500000000061e-02
5.484062499999999701e-02
5.547031250000000052e-02
5.673906249999999957e-02
5.772343750000000218e-02
5.879218750000000243e-02
5.850781249999999906e-02
5.843750000000000333e-02
5.902812500000000073e-02
5.902187500000000142e-02
5.877968749999999687e-02
5.817812499999999720e-02
5.807500000000000162e-02
5.782500000000000140e-02
5.614374999999999921e-02
5.566562500000000330e-02
5.495781250000000145e-02
5.394687499999999830e-02
5.310312500000000102e-02
5.190937500000000066e-02
5.186874999999999819e-02
5.184687500000000060e-02
5.038750000000000173e-02
5.035468750000000188e-02
4.858124999999999943e-02
4.978437499999999877e-02
4.816406250000000028e-02
4.934062499999999907e-02
4.885624999999999690e-02
4.968437500000000284e-02
4.835312499999999680e-02
4.852187499999999903e-02
4.838749999999999996e-02
4.854374999999999662e-02
4.856250000000000150e-02
4.877187499999999926e-02
4.982031249999999828e-02
5.036093750000000119e-02
5.096875000000000017e-02
5.169374999999999665e-02
5.238906249999999987e-02
5.253906249999999722e-02
5.391250000000000209e-02
5.383124999999999716e-02
5.507968750000000191e-02
5.482812499999999839e-02
5.600781249999999684e-02
5.751406249999999748e-02
5.825312500000000282e-02
5.141093749999999657e-02
4.855000000000000288e-02
4.881250000000000172e-02
4.825937500000000019e-02
5.138593749999999932e-02
4.998437499999999756e-02
4.843906249999999775e-02
4.660468749999999855e-02
4.410000000000000031e-02
4.229687499999999767e-02
4.002812499999999774e-02
3.745625000000000343e-02
3.319218749999999774e-02
3.162812499999999999e-02
2.905156249999999926e-02
2.724999999999999992e-02
2.474374999999999838e-02
2.290781249999999936e-02
2.082031250000000028e-02
1.853749999999999842e-02
1.631406250000000044e-02
1.496406249999999993e-02
1.347187499999999948e-02
1.216249999999999970e-02
1.064687500000000009e-02
0.000000000000000000e+00
0.000000000000000000e+00
0.000000000000000000e+00
0.000000000000000000e+00
0.000000000000000000e+00
0.000000000000000000e+00
0.000000000000000000e+00
0.000000000000000000e+00
0.000000000000000000e+00
0.000000000000000000e+00
