2.072620005924464603e+00
2.058559575395716656e+00
2.077706935438413449e+00
2.092265331523534222e+00
2.065054395642793583e+00
2.094345686310108867e+00
2.080003674968796901e+00
2.062893672588308913e+00
2.060700095782308505e+00
2.040801264310177388e+00
2.081759144374088155e+00
2.078360371596218226e+00
2.084707835054823821e+00
2.075426065771328155e+00
2.078554625085512697e+00
2.055195667583507468e+00
2.060081321288489864e+00
2.051198548704549207e+00
2.057915090884724574e+00
2.062464683791160436e+00
2.095599058441666607e+00
2.039824908768236522e+00
2.068777919874981830e+00
2.115956784366002097e+00
2.036523742871182652e+00
2.029489622741247334e+00
2.098605829616022600e+00
2.060006130563794002e+00
2.059991061479224062e+00
2.060165486620173958e+00
2.051064923763834980e+00
2.094954375186132811e+00
2.077629424982792017e+00
2.089799575038012946e+00
2.054393079394493782e+00
2.091211850165231478e+00
2.035242591023285197e+00
2.083132435092384771e+00
2.070866413404928608e+00
2.064108274011941191e+00
2.081247500972287945e+00
2.084881820101834649e+00
2.033931240228675996e+00
2.055954939965021655e+00
2.036284317862668392e+00
2.071970154947178067e+00
2.074969865215394726e+00
2.073491882479212123e+00
2.061180081510174400e+00
2.059452766404463286e+00
2.068676731534944135e+00
2.031472258083847127e+00
2.075240021695810899e+00
2.076850880065400862e+00
2.060780396701685113e+00
2.080593851357959156e+00
2.056954697960117873e+00
2.086299213846617651e+00
2.062987628430357656e+00
2.076166011108581788e+00
2.074609747494073453e+00
2.075128560809607947e+00
2.087008147844564121e+00
2.051546744990612847e+00
