2.097235745849934219e+00
2.086261725837674330e+00
2.053038018694237632e+00
2.084217419602047094e+00
2.072199310399060135e+00
2.073497908494618791e+00
2.093583538018254586e+00
2.067482220657356429e+00
2.062650074037120085e+00
2.090302321213645342e+00
2.099362023843093450e+00
2.075446402282570268e+00
2.071141080369057086e+00
2.095612564242031794e+00
2.099811619045701239e+00
2.060481068395163540e+00
2.093338514066129363e+00
2.106726448038504618e+00
2.117536556444197249e+00
2.083147744649537003e+00
2.073770518754857406e+00
2.080414215747999673e+00
2.106329223529096240e+00
2.068045237246499912e+00
2.067794602436160645e+00
2.083649506168246290e+00
2.046263205134959406e+00
2.100961794983598363e+00
2.077442891910826983e+00
2.080495926278298935e+00
2.102402086465103626e+00
2.099426889879701275e+00
2.032467293910347639e+00
2.062384989139712133e+00
2.084820341742136041e+00
2.085940449959287957e+00
2.084732641822682364e+00
2.067273155967514153e+00
2.081776950670088056e+00
2.092652855576645710e+00
2.051916649414369243e+00
2.070313978220157836e+00
2.057176478475506443e+00
2.107125408588649051e+00
2.064938571094307118e+00
2.087722196364199867e+00
2.080252784216273909e+00
2.078517901745944307e+00
2.068676573539997676e+00
2.085883712242757149e+00
2.100261332010695092e+00
2.096084896449385226e+00
2.104656693700437398e+00
2.078200486361647670e+00
2.070870222936759930e+00
2.079891470757786909e+00
2.102718169353058553e+00
2.071467268105677384e+00
2.077078697878945501e+00
2.092829026763985745e+00
2.076939522875677735e+00
2.067944485053869741e+00
2.087472774481596183e+00
2.065336980547614942e+00
