2.091434966513911586e+00
2.061426524169574392e+00
2.094324804353356217e+00
2.092693917685010785e+00
2.091813265976200764e+00
2.085588447615299490e+00
2.084665056931860327e+00
2.092813855804823042e+00
2.061283856607798448e+00
2.043465798897981411e+00
2.105357784199794580e+00
2.067497409484998272e+00
2.079872348047465014e+00
2.082784415991981941e+00
2.084487077170364078e+00
2.031400346145442182e+00
2.092029125455149074e+00
2.052682498727814941e+00
2.051504018386498096e+00
2.065974962747118227e+00
2.076658712760806491e+00
2.092645150474528037e+00
2.111034253498696778e+00
2.092885593662978660e+00
2.078966308369564420e+00
2.083452984548856080e+00
2.074765038404231543e+00
2.059860186184765407e+00
2.099578799408698071e+00
2.105245581361987472e+00
2.091052416286903970e+00
2.075793459866984936e+00
2.066970654544339592e+00
2.071664207154924053e+00
2.070223980063153224e+00
2.086013280912575762e+00
2.092386304952931209e+00
2.050836090409351442e+00
2.077354434772306302e+00
2.083350571713358690e+00
2.083184677844795551e+00
2.087334822719419947e+00
2.096533701334789779e+00
2.079173997885003011e+00
2.087650351023429884e+00
2.071891908424673634e+00
2.093534472139670033e+00
2.089292532014334736e+00
2.082230456604205582e+00
2.078928593177752582e+00
2.095629228581757708e+00
2.049656251298881848e+00
2.087928572186253717e+00
2.088216832242677956e+00
2.051604650575803213e+00
2.082445732936356375e+00
2.094448690758804688e+00
2.087947575970518610e+00
2.081715934012384750e+00
2.067157972597969628e+00
2.076041393915933675e+00
2.066021917921596618e+00
2.102143866466994471e+00
2.073885736696412962e+00
