2.048171848017604546e+00
2.065238890320438614e+00
2.083591155917872140e+00
2.106330706711065481e+00
2.139957071259745103e+00
2.061829692844141526e+00
2.106947626628947301e+00
2.060951880180148077e+00
2.065418864755141470e+00
2.091143443644858380e+00
2.086145936801342859e+00
2.074414380347294973e+00
2.105880859885088441e+00
2.094277443006486550e+00
2.069751107695206649e+00
2.078034525431537993e+00
2.077119256738663822e+00
2.080940889907696878e+00
2.082507023094719578e+00
2.097038601552680070e+00
2.090916647939200956e+00
2.095172521631698093e+00
2.084908741849185621e+00
2.065276211641618342e+00
2.081740085159223597e+00
2.080576577752670353e+00
2.081162565165443734e+00
2.051656375450398251e+00
2.062457448004109128e+00
2.085591234817761208e+00
2.075017022435277081e+00
2.084853158662707262e+00
2.070779052330621539e+00
2.057340668496637104e+00
2.096668464970464996e+00
2.070230884462346044e+00
2.058455221365367738e+00
2.078884700548706110e+00
2.093671215135273211e+00
2.098876325154343192e+00
2.106413848494743668e+00
2.065743881443458552e+00
2.073706652008025397e+00
2.090404936472202380e+00
2.086758610005260195e+00
2.075320734900554687e+00
2.060839243294820378e+00
2.087286054375988797e+00
2.090415113231646416e+00
2.103398226202346510e+00
2.082890644263031721e+00
2.088800813325544681e+00
2.075719688082291015e+00
2.076169612224789685e+00
2.072018641740767997e+00
2.075206645964783103e+00
2.085925343690176792e+00
2.079731969555069337e+00
2.089349138845622456e+00
2.089222604845861753e+00
2.084369073648983495e+00
2.086397304549012510e+00
2.085141210251477251e+00
2.064324836114003414e+00
