0.000000000000000000e+00
0.000000000000000000e+00
0.000000000000000000e+00
0.000000000000000000e+00
0.000000000000000000e+00
0.000000000000000000e+00
0.000000000000000000e+00
0.000000000000000000e+00
0.000000000000000000e+00
0.000000000000000000e+00
8.999999999999999667e-02
9.523437499999999611e-02
1.007187499999999958e-01
1.063671875000000017e-01
1.134062500000000001e-01
1.187968749999999962e-01
1.245546874999999970e-01
1.292578125000000133e-01
1.356015624999999947e-01
1.400468749999999873e-01
1.450156250000000091e-01
1.515937499999999993e-01
1.564687499999999898e-01
1.606328124999999996e-01
1.661171875000000131e-01
1.736562500000000120e-01
1.800312500000000038e-01
1.859999999999999987e-01
1.920390624999999962e-01
1.974921874999999993e-01
1.996874999999999900e-01
2.027031250000000118e-01
2.015390625000000047e-01
2.038828125000000102e-01
2.046874999999999944e-01
2.055859375000000100e-01
2.054453125000000047e-01
2.048125000000000084e-01
2.034765625000000133e-01
2.052421875000000062e-01
2.070234374999999905e-01
2.053281250000000002e-01
2.054999999999999882e-01
2.061328125000000122e-01
2.079062499999999869e-01
2.056953125000000049e-01
2.085781250000000031e-01
2.081796874999999880e-01
2.061171874999999931e-01
2.064609374999999969e-01
2.023515624999999984e-01
2.027187500000000031e-01
2.040390625000000069e-01
2.042890625000000071e-01
2.046484375000000022e-01
2.017031250000000109e-01
2.041015625000000000e-01
2.027812499999999962e-01
2.031484375000000009e-01
2.041953125000000036e-01
2.037265625000000135e-01
2.048359375000000093e-01
2.051328125000000113e-01
2.016953125000000013e-01
2.037890625000000067e-01
2.031562500000000104e-01
2.068437499999999929e-01
2.042031250000000131e-01
2.064062500000000133e-01
2.042421875000000053e-01
2.060156250000000078e-01
2.070781250000000018e-01
2.094999999999999918e-01
2.044453125000000038e-01
2.058359375000000102e-01
2.070390625000000095e-01
2.092578125000000011e-01
2.067656250000000084e-01
2.084687500000000082e-01
2.065234374999999900e-01
2.088906249999999964e-01
2.077890625000000102e-01
2.046640624999999936e-01
2.063750000000000029e-01
2.080546875000000018e-01
2.066093750000000118e-01
2.064296874999999865e-01
2.063281250000000011e-01
2.045312499999999978e-01
2.056328125000000118e-01
1.988593750000000049e-01
1.925546874999999880e-01
1.864609375000000069e-01
1.816718750000000104e-01
1.741796875000000133e-01
1.713437499999999891e-01
1.641953124999999958e-01
1.578828124999999971e-01
1.523593749999999913e-01
1.484531249999999913e-01
1.427265624999999871e-01
1.364765625000000093e-01
1.304140625000000109e-01
1.259531249999999991e-01
1.206406250000000013e-01
1.153046875000000027e-01
1.084921875000000036e-01
1.044140625000000017e-01
9.944531249999999378e-02
9.330468749999999700e-02
0.000000000000000000e+00
0.000000000000000000e+00
0.000000000000000000e+00
0.000000000000000000e+00
0.000000000000000000e+00
0.000000000000000000e+00
0.000000000000000000e+00
0.000000000000000000e+00
0.000000000000000000e+00
0.000000000000000000e+00
