-0.000000000000000000e+00
-0.000000000000000000e+00
-0.000000000000000000e+00
-0.000000000000000000e+00
-0.000000000000000000e+00
-0.000000000000000000e+00
-0.000000000000000000e+00
-0.000000000000000000e+00
-0.000000000000000000e+00
-0.000000000000000000e+00
5.409496597692322162e+00
5.300009025041797273e+00
5.240946581034282126e+00
5.130822760818299244e+00
5.035243143112940523e+00
5.036972684425478519e+00
4.916964719737031864e+00
4.803965180164687432e+00
4.745350644330822654e+00
4.645408456702230460e+00
4.648735593707636227e+00
4.546846198211493828e+00
4.493974567996453118e+00
4.446252368945949662e+00
4.407631530848152401e+00
4.367248270121774745e+00
4.354060787388267961e+00
4.297383471373517061e+00
4.224069964490611007e+00
4.210191620045107719e+00
4.153678353384112398e+00
4.106200937558954323e+00
4.171265321571630658e+00
4.118058964047512482e+00
4.116628993018775162e+00
4.139143228687953702e+00
4.120475853891024443e+00
4.113493206729700091e+00
4.109362032344689553e+00
4.028027158623800119e+00
4.080062998624666371e+00
4.104179697705131247e+00
4.089997122990229883e+00
4.120155870045605795e+00
4.103509240954817727e+00
4.106893521808475889e+00
4.081018088590110615e+00
4.161108263665184381e+00
4.106624567698089479e+00
4.113269076135163793e+00
4.137070445068244950e+00
4.139389288678668954e+00
4.114145142269833855e+00
4.230157099429515455e+00
4.150840784772289460e+00
4.169410244308459745e+00
4.147735764713450735e+00
4.162466606165931005e+00
4.199799479373876210e+00
4.141965819186548714e+00
4.211523934287207283e+00
4.209590699246879453e+00
4.182056808198412412e+00
4.178436522882924997e+00
4.207742519662556191e+00
4.133794611801870467e+00
4.189967990084944915e+00
4.206417582083325613e+00
4.133591711047907680e+00
4.120414903587972688e+00
4.154984816793341196e+00
4.177570252859516664e+00
4.110167192423403115e+00
4.093784707993049388e+00
4.059718148651161762e+00
4.091006933661540224e+00
4.141472640108079695e+00
4.126393398900075837e+00
4.136141848803021936e+00
4.113745862745369131e+00
4.089522341148148499e+00
4.139164742932480046e+00
4.125860926156462938e+00
4.152753725973672871e+00
4.149464780136439046e+00
4.157088443544567191e+00
4.144515363250974360e+00
4.151380003974751709e+00
4.194202979418173882e+00
4.232443027460258911e+00
4.284234402114527107e+00
4.288046332026528518e+00
4.355040113879309338e+00
4.335591018671930641e+00
4.403514126872370760e+00
4.480456834048403003e+00
4.525063556981654855e+00
4.600761770995434929e+00
4.581059259235249925e+00
4.729399076722401674e+00
4.744875399975934549e+00
4.789999168748493297e+00
4.879246819664602164e+00
4.958750784015902191e+00
5.017205749017251470e+00
5.054702561959354412e+00
5.191895583124475522e+00
5.268999151038919138e+00
5.376175643330574516e+00
5.453614278500346302e+00
-0.000000000000000000e+00
-0.000000000000000000e+00
-0.000000000000000000e+00
-0.000000000000000000e+00
-0.000000000000000000e+00
-0.000000000000000000e+00
-0.000000000000000000e+00
-0.000000000000000000e+00
-0.000000000000000000e+00
-0.000000000000000000e+00
