0.000000000000000000e+00
0.000000000000000000e+00
0.000000000000000000e+00
0.000000000000000000e+00
0.000000000000000000e+00
0.000000000000000000e+00
0.000000000000000000e+00
0.000000000000000000e+00
0.000000000000000000e+00
0.000000000000000000e+00
1.006250000000000026e-02
1.064843749999999992e-02
1.194531249999999933e-02
1.388281249999999932e-02
1.403125000000000032e-02
1.577343750000000100e-02
1.651562499999999906e-02
1.789843749999999942e-02
1.869531249999999839e-02
2.097656250000000042e-02
2.212499999999999883e-02
2.223437500000000067e-02
2.380468750000000119e-02
2.534375000000000169e-02
2.659374999999999933e-02
2.741406249999999920e-02
2.856250000000000108e-02
3.061718750000000031e-02
3.078906249999999872e-02
3.327343750000000266e-02
3.524999999999999661e-02
3.458593749999999689e-02
3.540625000000000022e-02
3.616406249999999656e-02
3.597656250000000333e-02
3.669531250000000050e-02
3.722656249999999750e-02
3.774999999999999883e-02
3.678125000000000144e-02
3.755468750000000300e-02
3.873437500000000144e-02
3.739843749999999939e-02
3.748437500000000033e-02
3.757812499999999695e-02
3.732031250000000105e-02
3.823437500000000100e-02
3.685156249999999717e-02
3.659375000000000128e-02
3.641406249999999678e-02
3.555468750000000122e-02
3.632812500000000278e-02
3.478906250000000228e-02
3.403124999999999900e-02
3.424218750000000006e-02
3.437500000000000278e-02
3.555468750000000122e-02
3.367968749999999956e-02
3.381250000000000228e-02
3.363281249999999778e-02
3.350781249999999767e-02
3.406250000000000250e-02
3.446093749999999678e-02
3.446874999999999939e-02
3.427343749999999661e-02
3.498437499999999811e-02
3.448437499999999767e-02
3.438281249999999845e-02
3.504687499999999817e-02
3.522656250000000266e-02
3.561718750000000128e-02
3.733593749999999933e-02
3.690625000000000155e-02
3.659375000000000128e-02
3.704687499999999994e-02
3.765625000000000222e-02
3.824218749999999667e-02
3.794531250000000161e-02
3.698437499999999989e-02
3.744531250000000117e-02
3.824218749999999667e-02
3.796875000000000250e-02
3.815625000000000266e-02
3.816406249999999833e-02
3.782031250000000150e-02
3.775781250000000144e-02
3.701562500000000339e-02
3.647656249999999684e-02
3.657812500000000300e-02
3.607812500000000255e-02
3.510937499999999822e-02
3.430468750000000011e-02
3.229687500000000266e-02
3.134374999999999661e-02
2.937499999999999833e-02
2.796093750000000142e-02
2.706249999999999975e-02
2.585156250000000128e-02
2.548437500000000008e-02
2.314843750000000061e-02
2.174218749999999936e-02
2.032031249999999983e-02
1.980468750000000111e-02
1.928906249999999892e-02
1.749218749999999906e-02
1.625000000000000056e-02
1.477343750000000011e-02
1.285937499999999928e-02
1.200000000000000025e-02
1.100781250000000024e-02
9.718749999999999958e-03
0.000000000000000000e+00
0.000000000000000000e+00
0.000000000000000000e+00
0.000000000000000000e+00
0.000000000000000000e+00
0.000000000000000000e+00
0.000000000000000000e+00
0.000000000000000000e+00
0.000000000000000000e+00
0.000000000000000000e+00
