0.000000000000000000e+00
0.000000000000000000e+00
0.000000000000000000e+00
0.000000000000000000e+00
0.000000000000000000e+00
0.000000000000000000e+00
0.000000000000000000e+00
0.000000000000000000e+00
0.000000000000000000e+00
0.000000000000000000e+00
8.874218749999999989e-02
9.667187500000000433e-02
1.024218749999999956e-01
1.065390625000000036e-01
1.129140624999999953e-01
1.169062500000000032e-01
1.258203125000000033e-01
1.300390624999999967e-01
1.352500000000000091e-01
1.401249999999999996e-01
1.441093750000000118e-01
1.519062499999999927e-01
1.581249999999999878e-01
1.631249999999999922e-01
1.676562500000000067e-01
1.724687500000000040e-01
1.812812500000000049e-01
1.843828124999999929e-01
1.928593749999999996e-01
1.960625000000000007e-01
2.008593750000000067e-01
2.037578124999999962e-01
2.051093750000000104e-01
2.044765624999999865e-01
2.045312499999999978e-01
2.024296875000000107e-01
2.050781250000000000e-01
2.041796875000000122e-01
2.041562500000000113e-01
2.040625000000000078e-01
2.072031249999999880e-01
2.057578124999999980e-01
2.079609374999999982e-01
2.075156250000000091e-01
2.055625000000000091e-01
2.064062500000000133e-01
2.055234374999999891e-01
2.080937499999999940e-01
2.088281250000000033e-01
2.078046875000000016e-01
2.042968749999999889e-01
2.030234374999999869e-01
2.070078124999999991e-01
2.034374999999999933e-01
2.037812499999999971e-01
2.027109374999999936e-01
2.033125000000000071e-01
2.042265624999999862e-01
2.043359375000000089e-01
2.032187500000000036e-01
2.061640624999999949e-01
2.049374999999999947e-01
2.045312499999999978e-01
2.035078124999999960e-01
2.053281250000000002e-01
2.060859375000000104e-01
2.071328125000000131e-01
2.061640624999999949e-01
2.067187500000000067e-01
2.055078124999999978e-01
2.077109374999999980e-01
2.099374999999999991e-01
2.075546875000000013e-01
2.041250000000000009e-01
2.073203124999999925e-01
2.083593750000000133e-01
2.070937499999999931e-01
2.084374999999999978e-01
2.064062500000000133e-01
2.079609374999999982e-01
2.100937499999999958e-01
2.108359374999999869e-01
2.082187500000000080e-01
2.086562499999999876e-01
2.092421875000000098e-01
2.065390625000000091e-01
2.053359375000000098e-01
2.051953125000000044e-01
2.034609374999999942e-01
2.052031249999999862e-01
2.002812499999999940e-01
1.939843749999999867e-01
1.897578125000000115e-01
1.807343750000000027e-01
1.741874999999999951e-01
1.708203124999999878e-01
1.648671875000000120e-01
1.588671875000000067e-01
1.541015625000000111e-01
1.477265624999999916e-01
1.428593750000000107e-01
1.388203124999999871e-01
1.304765625000000040e-01
1.277734375000000033e-01
1.221484374999999983e-01
1.156874999999999987e-01
1.089921875000000040e-01
1.048125000000000029e-01
9.861718749999999478e-02
9.388281249999999578e-02
0.000000000000000000e+00
0.000000000000000000e+00
0.000000000000000000e+00
0.000000000000000000e+00
0.000000000000000000e+00
0.000000000000000000e+00
0.000000000000000000e+00
0.000000000000000000e+00
0.000000000000000000e+00
0.000000000000000000e+00
