-0.000000000000000000e+00
-0.000000000000000000e+00
-0.000000000000000000e+00
-0.000000000000000000e+00
-0.000000000000000000e+00
-0.000000000000000000e+00
-0.000000000000000000e+00
-0.000000000000000000e+00
-0.000000000000000000e+00
-0.000000000000000000e+00
5.441102147873634998e+00
5.236834077653486297e+00
5.197820757383365020e+00
5.144996506234416955e+00
5.042656358838454089e+00
5.006002081174764307e+00
4.921107856692843008e+00
4.789287071964457354e+00
4.743884331138531252e+00
4.732531359765512313e+00
4.641218852555799579e+00
4.604647556055612156e+00
4.540948700791305193e+00
4.452371639075920484e+00
4.429385480389029794e+00
4.364567816481194740e+00
4.332097858980466398e+00
4.249045244644559460e+00
4.288025970038483514e+00
4.184699210380843581e+00
4.161823226939596942e+00
4.165622975927773197e+00
4.133465051704923177e+00
4.139176942882685672e+00
4.129718188988820593e+00
4.067735294197773577e+00
4.106903332910201598e+00
4.084298460794909325e+00
4.045150931898267466e+00
4.063038264561365409e+00
4.080711832228799629e+00
4.087797338293578164e+00
4.134002157402012934e+00
4.121467001786077944e+00
4.109759088176096142e+00
4.108179190590356633e+00
4.103074414733219655e+00
4.094520758152430773e+00
4.153647553635755330e+00
4.096904839896592598e+00
4.125410419812035379e+00
4.160575718203125994e+00
4.160850982426724798e+00
4.140045026902762437e+00
4.178395690699549192e+00
4.174363149582110744e+00
4.160386074718213756e+00
4.169116175244477418e+00
4.209135130265202029e+00
4.175992374449599254e+00
4.224932729096628314e+00
4.185507903828654008e+00
4.207120748860289972e+00
4.182672099973316016e+00
4.210277824181534179e+00
4.134369059481390885e+00
4.201686954361243842e+00
4.160315313286534256e+00
4.159667736496308166e+00
4.134138192031983294e+00
4.127783145040580415e+00
4.094047375605797789e+00
4.116813422429411951e+00
4.154188444258205770e+00
4.131702620519038582e+00
4.150956825453532950e+00
4.073058608773342470e+00
4.143995936925539247e+00
4.133494829088775191e+00
4.097742632731993240e+00
4.099741253292337184e+00
4.087149422746587213e+00
4.154786528185837824e+00
4.077393429066735742e+00
4.138268181219832087e+00
4.090003959057851191e+00
4.223654157049491431e+00
4.192091656489820295e+00
4.141620548146836889e+00
4.177139217240044999e+00
4.212243330786675344e+00
4.200551122193203035e+00
4.299109479135717393e+00
4.314916363920267450e+00
4.470656281311065960e+00
4.454421172319823263e+00
4.504382078113825294e+00
4.549656930118664455e+00
4.594958364466089407e+00
4.628377416295373692e+00
4.672383836598805296e+00
4.799454867498378796e+00
4.822620391821976327e+00
4.937480153672308525e+00
4.982489798709854867e+00
5.066859810552259979e+00
5.125195199530367063e+00
5.282833300630771944e+00
5.367955084108647412e+00
5.410347296330143330e+00
-0.000000000000000000e+00
-0.000000000000000000e+00
-0.000000000000000000e+00
-0.000000000000000000e+00
-0.000000000000000000e+00
-0.000000000000000000e+00
-0.000000000000000000e+00
-0.000000000000000000e+00
-0.000000000000000000e+00
-0.000000000000000000e+00
