0.000000000000000000e+00
0.000000000000000000e+00
0.000000000000000000e+00
0.000000000000000000e+00
0.000000000000000000e+00
0.000000000000000000e+00
0.000000000000000000e+00
0.000000000000000000e+00
0.000000000000000000e+00
0.000000000000000000e+00
9.523437500000000652e-03
1.123437499999999957e-02
1.248437500000000068e-02
1.286718750000000015e-02
1.436718749999999975e-02
1.511718750000000042e-02
1.663281250000000003e-02
1.731250000000000150e-02
1.801562500000000039e-02
2.000000000000000042e-02
2.100781250000000044e-02
2.266406249999999845e-02
2.413281249999999975e-02
2.556249999999999842e-02
2.657031249999999845e-02
2.780468750000000128e-02
2.921093749999999906e-02
3.157812499999999856e-02
3.196093750000000150e-02
3.242187500000000278e-02
3.458593749999999689e-02
3.541406250000000283e-02
3.502343749999999728e-02
3.548437499999999856e-02
3.653125000000000122e-02
3.710156249999999739e-02
3.786718750000000328e-02
3.735156249999999761e-02
3.783593749999999978e-02
3.650781250000000033e-02
3.747656249999999772e-02
3.645312500000000289e-02
3.790625000000000244e-02
3.764843749999999961e-02
3.659375000000000128e-02
3.732031250000000105e-02
3.636718750000000194e-02
3.691406249999999722e-02
3.582031249999999972e-02
3.657812500000000300e-02
3.495312500000000155e-02
3.489062500000000150e-02
3.478906250000000228e-02
3.520312500000000178e-02
3.373437499999999700e-02
3.471093749999999700e-02
3.460937499999999778e-02
3.364843750000000300e-02
3.420312500000000089e-02
3.478906250000000228e-02
3.434374999999999928e-02
3.396093750000000328e-02
3.396093750000000328e-02
3.431250000000000272e-02
3.491406250000000239e-02
3.365624999999999867e-02
3.553125000000000033e-02
3.466406250000000216e-02
3.528906250000000272e-02
3.534375000000000017e-02
3.685156249999999717e-02
3.602343749999999817e-02
3.657031250000000039e-02
3.696875000000000161e-02
3.686718750000000239e-02
3.678906249999999711e-02
3.824999999999999928e-02
3.739843749999999939e-02
3.884375000000000328e-02
3.779687500000000061e-02
3.782812499999999717e-02
3.675781250000000056e-02
3.672656249999999706e-02
3.659375000000000128e-02
3.639843749999999850e-02
3.593749999999999722e-02
3.596093749999999811e-02
3.578906250000000316e-02
3.592187499999999895e-02
3.460937499999999778e-02
3.374218749999999961e-02
3.232812499999999922e-02
3.065624999999999947e-02
2.832031250000000000e-02
2.741406249999999920e-02
2.703906249999999886e-02
2.588281250000000130e-02
2.392187499999999870e-02
2.266406249999999845e-02
2.161718749999999925e-02
2.093750000000000125e-02
1.846093749999999992e-02
1.767968749999999922e-02
1.601562499999999861e-02
1.620312499999999878e-02
1.429687500000000056e-02
1.385937500000000017e-02
1.227343749999999963e-02
1.135156250000000054e-02
1.013281249999999946e-02
0.000000000000000000e+00
0.000000000000000000e+00
0.000000000000000000e+00
0.000000000000000000e+00
0.000000000000000000e+00
0.000000000000000000e+00
0.000000000000000000e+00
0.000000000000000000e+00
0.000000000000000000e+00
0.000000000000000000e+00
