0.000000000000000000e+00
0.000000000000000000e+00
0.000000000000000000e+00
0.000000000000000000e+00
0.000000000000000000e+00
0.000000000000000000e+00
0.000000000000000000e+00
0.000000000000000000e+00
0.000000000000000000e+00
0.000000000000000000e+00
9.679687500000000791e-03
1.063281249999999990e-02
1.187500000000000014e-02
1.278906250000000008e-02
1.376562500000000008e-02
1.516406250000000046e-02
1.605468750000000125e-02
1.799218749999999950e-02
1.866406249999999836e-02
2.103125000000000133e-02
2.107812499999999964e-02
2.244531250000000172e-02
2.347656249999999917e-02
2.455468749999999839e-02
2.649218750000000011e-02
2.747656249999999925e-02
3.007812500000000069e-02
3.041406249999999839e-02
3.267968749999999867e-02
3.401562500000000072e-02
3.515625000000000000e-02
3.596875000000000072e-02
3.598437499999999900e-02
3.678125000000000144e-02
3.645312500000000289e-02
3.751562499999999689e-02
3.662499999999999784e-02
3.674218750000000228e-02
3.719531250000000094e-02
3.828906249999999845e-02
3.752343749999999950e-02
3.733593749999999933e-02
3.774218750000000316e-02
3.706249999999999822e-02
3.698437499999999989e-02
3.746875000000000205e-02
3.613281250000000000e-02
3.734375000000000194e-02
3.530468750000000100e-02
3.635937499999999933e-02
3.542187499999999850e-02
3.614062500000000261e-02
3.589843749999999806e-02
3.326562500000000006e-02
3.452343749999999684e-02
3.444531249999999850e-02
3.384374999999999883e-02
3.414843750000000344e-02
3.479687499999999795e-02
3.409374999999999906e-02
3.442187499999999761e-02
3.525781249999999922e-02
3.474218750000000050e-02
3.450000000000000289e-02
3.438281249999999845e-02
3.504687499999999817e-02
3.559375000000000039e-02
3.612499999999999739e-02
3.538281249999999933e-02
3.649218750000000205e-02
3.688281250000000067e-02
3.632031250000000017e-02
3.707812500000000344e-02
3.688281250000000067e-02
3.730468750000000278e-02
3.748437500000000033e-02
3.811718749999999656e-02
3.807031250000000172e-02
3.787499999999999895e-02
3.777343749999999972e-02
3.782031250000000150e-02
3.771093749999999967e-02
3.820312499999999750e-02
3.702343749999999906e-02
3.694531250000000072e-02
3.689843749999999895e-02
3.637499999999999761e-02
3.537499999999999672e-02
3.534375000000000017e-02
3.437500000000000278e-02
3.382031249999999795e-02
3.185937500000000228e-02
3.007031250000000155e-02
2.939843749999999922e-02
2.771093750000000119e-02
2.640624999999999917e-02
2.524218749999999900e-02
2.456250000000000100e-02
2.338281249999999908e-02
2.198437500000000044e-02
1.969531249999999928e-02
1.916406249999999881e-02
1.824218749999999972e-02
1.661718749999999828e-02
1.564843750000000089e-02
1.445312500000000069e-02
1.354687499999999989e-02
1.216406249999999953e-02
1.102343750000000025e-02
9.867187499999999223e-03
0.000000000000000000e+00
0.000000000000000000e+00
0.000000000000000000e+00
0.000000000000000000e+00
0.000000000000000000e+00
0.000000000000000000e+00
0.000000000000000000e+00
0.000000000000000000e+00
0.000000000000000000e+00
0.000000000000000000e+00
