0.000000000000000000e+00
0.000000000000000000e+00
0.000000000000000000e+00
0.000000000000000000e+00
0.000000000000000000e+00
0.000000000000000000e+00
0.000000000000000000e+00
0.000000000000000000e+00
0.000000000000000000e+00
0.000000000000000000e+00
8.933593750000000389e-02
9.414843750000000122e-02
9.942968750000000244e-02
1.054687500000000000e-01
1.096562499999999968e-01
1.168984374999999937e-01
1.222968749999999993e-01
1.249921875000000043e-01
1.324218749999999944e-01
1.373359375000000049e-01
1.446953125000000062e-01
1.497968749999999960e-01
1.549609375000000067e-01
1.595937500000000064e-01
1.647031250000000058e-01
1.706406249999999902e-01
1.783515625000000049e-01
1.828437499999999993e-01
1.884140625000000069e-01
1.934921874999999958e-01
1.983046874999999931e-01
2.033359375000000080e-01
2.013125000000000053e-01
2.012734375000000131e-01
2.014843749999999933e-01
2.032968749999999880e-01
2.026640624999999918e-01
2.043671874999999916e-01
2.033750000000000002e-01
2.047265624999999867e-01
2.029218750000000016e-01
2.064765624999999882e-01
2.063750000000000029e-01
2.056874999999999953e-01
2.054062500000000124e-01
2.057421875000000067e-01
2.049609374999999956e-01
2.059062500000000129e-01
2.056171874999999927e-01
2.038281249999999989e-01
2.061718750000000044e-01
2.048437499999999911e-01
2.031093750000000087e-01
2.038281249999999989e-01
2.015546874999999960e-01
2.022421875000000036e-01
2.040859375000000087e-01
2.034765625000000133e-01
2.037968749999999885e-01
2.025078124999999951e-01
2.031328125000000095e-01
2.031562500000000104e-01
2.045234374999999882e-01
2.033593750000000089e-01
2.045546874999999987e-01
2.050781250000000000e-01
2.048828125000000111e-01
2.066406249999999944e-01
2.055312499999999987e-01
2.050781250000000000e-01
2.090625000000000122e-01
2.071328125000000131e-01
2.091406249999999967e-01
2.087812500000000016e-01
2.086953125000000075e-01
2.097187500000000093e-01
2.059374999999999956e-01
2.085390625000000109e-01
2.094062499999999882e-01
2.063750000000000029e-01
2.078046875000000016e-01
2.061015625000000018e-01
2.074374999999999969e-01
2.059687500000000060e-01
2.086718750000000067e-01
2.059999999999999887e-01
2.076328125000000135e-01
2.042734374999999880e-01
2.040078124999999964e-01
2.056093750000000109e-01
1.999609374999999911e-01
1.936953124999999942e-01
1.878124999999999933e-01
1.799765624999999925e-01
1.756328125000000129e-01
1.677265625000000093e-01
1.655859375000000022e-01
1.566953124999999891e-01
1.530624999999999902e-01
1.457265624999999898e-01
1.437499999999999889e-01
1.372734375000000118e-01
1.313437500000000091e-01
1.263515624999999865e-01
1.201562500000000061e-01
1.159921874999999963e-01
1.093750000000000000e-01
1.033828125000000042e-01
9.825000000000000400e-02
9.039062500000000222e-02
0.000000000000000000e+00
0.000000000000000000e+00
0.000000000000000000e+00
0.000000000000000000e+00
0.000000000000000000e+00
0.000000000000000000e+00
0.000000000000000000e+00
0.000000000000000000e+00
0.000000000000000000e+00
0.000000000000000000e+00
