-0.000000000000000000e+00
-0.000000000000000000e+00
-0.000000000000000000e+00
-0.000000000000000000e+00
-0.000000000000000000e+00
-0.000000000000000000e+00
-0.000000000000000000e+00
-0.000000000000000000e+00
-0.000000000000000000e+00
-0.000000000000000000e+00
5.512464041289831584e+00
5.334728424441689043e+00
5.216084492691095420e+00
5.165919560264375043e+00
5.099398979749708793e+00
5.029094060516505316e+00
4.892485872983291628e+00
4.827060961051355292e+00
4.731807062869886060e+00
4.750769961869136360e+00
4.698847282263776570e+00
4.645909204060719944e+00
4.563919110250685307e+00
4.484780487794608028e+00
4.468053562033188264e+00
4.419017445575292413e+00
4.360817603065733294e+00
4.290487808432336791e+00
4.276591901539404716e+00
4.243740041337912494e+00
4.206493666192487879e+00
4.190890438137858887e+00
4.130238535907461817e+00
4.214480358684475902e+00
4.180437792117177587e+00
4.132464008611822948e+00
4.125768984696383868e+00
4.100959748679929184e+00
4.078932253098380478e+00
4.123033562277082176e+00
4.079961503759248487e+00
4.161996030763052801e+00
4.130208806242065656e+00
4.090567721678724844e+00
4.175375013947884462e+00
4.099954403803149461e+00
4.170651732272474099e+00
4.131556932195822540e+00
4.137746826873918593e+00
4.125812148758732256e+00
4.164449747990370376e+00
4.130097476500108833e+00
4.174821735913710974e+00
4.116049462367230127e+00
4.165610506799122703e+00
4.221756112022816865e+00
4.164895644418214360e+00
4.258957229152112056e+00
4.187759763406957880e+00
4.208790622190830000e+00
4.178064223964339519e+00
4.182064864481884747e+00
4.193538700896866089e+00
4.201877990386080342e+00
4.251780734435437914e+00
4.165974709522809682e+00
4.214856422292443838e+00
4.137095592013539935e+00
4.182268858168092684e+00
4.144021688654606628e+00
4.111929664469458956e+00
4.154301301862760809e+00
4.135875771450469252e+00
4.163253733548319957e+00
4.087381802977795964e+00
4.130928373733212311e+00
4.133628414874496393e+00
4.149825713229016166e+00
4.112267368289270308e+00
4.155558608640364859e+00
4.133346486833402444e+00
4.115181321228832623e+00
4.179678014147254039e+00
4.139212145668917486e+00
4.126030751980247935e+00
4.144216375862824542e+00
4.203497125459573880e+00
4.163036464482885002e+00
4.240310811849518302e+00
4.228430561875458515e+00
4.237426436778314098e+00
4.230437372483264902e+00
4.335054043247681399e+00
4.382206935109438817e+00
4.515029837832273074e+00
4.504685652282953257e+00
4.536814967253636866e+00
4.619879693101782259e+00
4.623480430681897069e+00
4.699653319959796072e+00
4.750776273545983308e+00
4.814045700831247387e+00
4.896454502919548979e+00
4.922475708535567485e+00
4.960745121813536329e+00
5.057043592013292788e+00
5.178872281424748536e+00
5.297089605208863183e+00
5.373288578035047891e+00
5.430522578979394943e+00
-0.000000000000000000e+00
-0.000000000000000000e+00
-0.000000000000000000e+00
-0.000000000000000000e+00
-0.000000000000000000e+00
-0.000000000000000000e+00
-0.000000000000000000e+00
-0.000000000000000000e+00
-0.000000000000000000e+00
-0.000000000000000000e+00
