-0.000000000000000000e+00
-0.000000000000000000e+00
-0.000000000000000000e+00
-0.000000000000000000e+00
-0.000000000000000000e+00
-0.000000000000000000e+00
-0.000000000000000000e+00
-0.000000000000000000e+00
-0.000000000000000000e+00
-0.000000000000000000e+00
5.394960386087482185e+00
5.320402511006575352e+00
5.198253067637696567e+00
5.083662994816230629e+00
4.980537007649669334e+00
4.909431262737565582e+00
4.889936409162467079e+00
4.833743897604988682e+00
4.756423674583189154e+00
4.709222661107514973e+00
4.597954791338310976e+00
4.555313923906800788e+00
4.493434802832883435e+00
4.478148721583328218e+00
4.359244052818522341e+00
4.394208081194407534e+00
4.336130977857924229e+00
4.269484802990201722e+00
4.244135846793240852e+00
4.183141907049903629e+00
4.122787225720404791e+00
4.124442273910355894e+00
4.172372286007516529e+00
4.057153356056995008e+00
4.117875928479908687e+00
4.091667277100046185e+00
4.088413673945739291e+00
4.098988912049215116e+00
4.082610374202655379e+00
4.050677403112268316e+00
4.051800072728841684e+00
3.972040235126190311e+00
4.042861617566313015e+00
4.040297876730283733e+00
4.141389126334809490e+00
4.128028016380939746e+00
4.068806947792654505e+00
4.087462840629690675e+00
4.079182851039039548e+00
4.109537393120768378e+00
4.104977592038502543e+00
4.130490652887937486e+00
4.198382777524090059e+00
4.092985136712561811e+00
4.110209649880379068e+00
4.159818165038100979e+00
4.125494819491147602e+00
4.162486462073866633e+00
4.102449270778291357e+00
4.164138972589428889e+00
4.191754776525209003e+00
4.217820736533115067e+00
4.217697117252400041e+00
4.164847129561572991e+00
4.169810088551790805e+00
4.174953023815271891e+00
4.155586525302703116e+00
4.144128554970704315e+00
4.141382023375216548e+00
4.157780571221949550e+00
4.114468547350539573e+00
4.159944526800600784e+00
4.144067643982621618e+00
4.110771385105326914e+00
4.058105287007120587e+00
4.110614039637153105e+00
4.118200840274406360e+00
4.044602302539722416e+00
4.060400909304218153e+00
4.046170048107832429e+00
4.081799951129483794e+00
4.136039899293215250e+00
4.083770240051459055e+00
4.107435654852891638e+00
4.124752073544159181e+00
4.120942304774811049e+00
4.107420868888954857e+00
4.120300123889159671e+00
4.092110910341141050e+00
4.168686824171433436e+00
4.208972767006200044e+00
4.249201180266807931e+00
4.274630967297350814e+00
4.338793090859139667e+00
4.430623121343491455e+00
4.434909298089112717e+00
4.477786152405202280e+00
4.566336529553396417e+00
4.554471228561701501e+00
4.660136651605208513e+00
4.725380424647678268e+00
4.770510028085533705e+00
4.806767488173454339e+00
4.919085134620631905e+00
5.014426016365979955e+00
5.069468887840686833e+00
5.141813655872936373e+00
5.215279705360394757e+00
5.376713987186941601e+00
5.507580573530588275e+00
-0.000000000000000000e+00
-0.000000000000000000e+00
-0.000000000000000000e+00
-0.000000000000000000e+00
-0.000000000000000000e+00
-0.000000000000000000e+00
-0.000000000000000000e+00
-0.000000000000000000e+00
-0.000000000000000000e+00
-0.000000000000000000e+00
