0.000000000000000000e+00
0.000000000000000000e+00
0.000000000000000000e+00
0.000000000000000000e+00
0.000000000000000000e+00
0.000000000000000000e+00
0.000000000000000000e+00
0.000000000000000000e+00
0.000000000000000000e+00
0.000000000000000000e+00
8.992968749999999400e-02
9.592968749999999933e-02
1.032812500000000050e-01
1.064999999999999974e-01
1.137890624999999961e-01
1.180703124999999964e-01
1.242109374999999932e-01
1.290312499999999862e-01
1.348671875000000131e-01
1.392187500000000022e-01
1.437109374999999967e-01
1.512812500000000060e-01
1.567578125000000100e-01
1.613906250000000098e-01
1.676406249999999876e-01
1.727578124999999964e-01
1.779218750000000071e-01
1.835390624999999887e-01
1.908593749999999978e-01
1.984062500000000062e-01
2.003281249999999958e-01
2.023281249999999976e-01
2.023984375000000002e-01
2.033984375000000011e-01
2.054843749999999969e-01
2.028281249999999980e-01
2.079374999999999973e-01
2.046406249999999927e-01
2.064531249999999873e-01
2.038515624999999998e-01
2.069921875000000078e-01
2.074453125000000064e-01
2.078281250000000024e-01
2.087499999999999911e-01
2.056718750000000040e-01
2.057656250000000075e-01
2.072890625000000098e-01
2.081406249999999958e-01
2.045390625000000073e-01
2.053203124999999907e-01
2.059687500000000060e-01
2.039218750000000024e-01
2.052812499999999984e-01
2.062734374999999898e-01
2.050859375000000095e-01
2.022343749999999940e-01
2.037734374999999876e-01
2.054609374999999960e-01
2.016874999999999918e-01
2.013203124999999871e-01
2.053750000000000020e-01
2.028984375000000007e-01
2.007812499999999944e-01
2.011171874999999887e-01
2.018359375000000067e-01
2.036093750000000091e-01
2.031874999999999931e-01
2.059999999999999887e-01
2.046562500000000118e-01
2.059921875000000069e-01
2.062109374999999967e-01
2.067890625000000093e-01
2.071718750000000053e-01
2.077812500000000007e-01
2.063593750000000115e-01
2.076093750000000127e-01
2.060468749999999905e-01
2.081874999999999976e-01
2.072734374999999907e-01
2.069140624999999956e-01
2.099687500000000095e-01
2.090078125000000009e-01
2.073359375000000115e-01
2.067890625000000093e-01
2.061562500000000131e-01
2.062656250000000080e-01
2.073046875000000011e-01
2.062968749999999907e-01
2.052187500000000053e-01
2.045781249999999996e-01
1.987421875000000004e-01
1.907500000000000029e-01
1.881093749999999953e-01
1.827968749999999976e-01
1.741171874999999925e-01
1.684843749999999918e-01
1.623046874999999889e-01
1.586015624999999873e-01
1.517968749999999978e-01
1.478515625000000056e-01
1.433984375000000033e-01
1.379531250000000098e-01
1.313046874999999891e-01
1.259687499999999905e-01
1.206640625000000022e-01
1.144374999999999976e-01
1.093125000000000069e-01
1.053125000000000033e-01
9.802343750000000466e-02
9.345312499999999800e-02
0.000000000000000000e+00
0.000000000000000000e+00
0.000000000000000000e+00
0.000000000000000000e+00
0.000000000000000000e+00
0.000000000000000000e+00
0.000000000000000000e+00
0.000000000000000000e+00
0.000000000000000000e+00
0.000000000000000000e+00
