0.000000000000000000e+00
0.000000000000000000e+00
0.000000000000000000e+00
0.000000000000000000e+00
0.000000000000000000e+00
0.000000000000000000e+00
0.000000000000000000e+00
0.000000000000000000e+00
0.000000000000000000e+00
0.000000000000000000e+00
9.382812500000000527e-03
1.107812499999999943e-02
1.237500000000000058e-02
1.304687499999999944e-02
1.460156249999999996e-02
1.545312499999999985e-02
1.670312499999999922e-02
1.849218749999999994e-02
1.953906249999999914e-02
2.108593749999999878e-02
2.225781250000000155e-02
2.360937499999999842e-02
2.354687499999999836e-02
2.506250000000000144e-02
2.634374999999999911e-02
2.810156249999999981e-02
2.985156250000000136e-02
3.088281249999999881e-02
3.186718749999999795e-02
3.364843750000000300e-02
3.494531249999999895e-02
3.596093749999999811e-02
3.569531249999999961e-02
3.752343749999999950e-02
3.667187499999999961e-02
3.715625000000000178e-02
3.738281250000000111e-02
3.785937500000000067e-02
3.804687500000000083e-02
3.808593750000000000e-02
3.781249999999999889e-02
3.751562499999999689e-02
3.668749999999999789e-02
3.755468750000000300e-02
3.667187499999999961e-02
3.589062500000000239e-02
3.514843749999999739e-02
3.546875000000000028e-02
3.560937499999999867e-02
3.605468750000000167e-02
3.622656249999999661e-02
3.549999999999999684e-02
3.388281249999999800e-02
3.443750000000000283e-02
3.462500000000000300e-02
3.498437499999999811e-02
3.649218750000000205e-02
3.384374999999999883e-02
3.454687499999999772e-02
3.514062500000000172e-02
3.513281249999999911e-02
3.491406250000000239e-02
3.429687499999999750e-02
3.512500000000000344e-02
3.475000000000000311e-02
3.459374999999999950e-02
3.582031249999999972e-02
3.564843749999999784e-02
3.676562500000000316e-02
3.553125000000000033e-02
3.566406250000000305e-02
3.658593749999999867e-02
3.830468749999999672e-02
3.705468750000000255e-02
3.742968750000000289e-02
3.778906249999999800e-02
3.853125000000000300e-02
3.711718750000000261e-02
3.862499999999999961e-02
3.867187500000000139e-02
3.871875000000000316e-02
3.902343750000000083e-02
3.774218750000000316e-02
3.701562500000000339e-02
3.692968750000000244e-02
3.760937500000000044e-02
3.705468750000000255e-02
3.720312499999999661e-02
3.625781250000000011e-02
3.480468750000000056e-02
3.494531249999999895e-02
3.313281249999999734e-02
3.128124999999999656e-02
3.057812500000000114e-02
2.770312499999999858e-02
2.696874999999999967e-02
2.460156250000000017e-02
2.451562499999999922e-02
2.338281249999999908e-02
2.213281250000000144e-02
2.021875000000000061e-02
1.919531249999999883e-02
1.819531250000000142e-02
1.594531249999999942e-02
1.628125000000000058e-02
1.417968749999999958e-02
1.371093749999999917e-02
1.242187500000000062e-02
1.055468749999999983e-02
1.018750000000000037e-02
0.000000000000000000e+00
0.000000000000000000e+00
0.000000000000000000e+00
0.000000000000000000e+00
0.000000000000000000e+00
0.000000000000000000e+00
0.000000000000000000e+00
0.000000000000000000e+00
0.000000000000000000e+00
0.000000000000000000e+00
