0.000000000000000000e+00
0.000000000000000000e+00
0.000000000000000000e+00
0.000000000000000000e+00
0.000000000000000000e+00
0.000000000000000000e+00
0.000000000000000000e+00
0.000000000000000000e+00
0.000000000000000000e+00
0.000000000000000000e+00
2.968750000000000035e-03
3.210937499999999816e-03
3.234374999999999837e-03
4.031250000000000111e-03
4.804687499999999931e-03
5.140625000000000229e-03
5.648437499999999813e-03
5.882812500000000021e-03
6.429687499999999639e-03
6.953125000000000104e-03
7.585937499999999799e-03
8.343750000000000472e-03
8.710937499999999931e-03
9.148437500000000319e-03
1.017187500000000036e-02
1.042187500000000058e-02
1.112499999999999947e-02
1.184375000000000011e-02
1.285937499999999928e-02
1.349999999999999985e-02
1.431250000000000057e-02
1.424218749999999964e-02
1.501562499999999946e-02
1.607031249999999953e-02
1.527343750000000056e-02
1.668750000000000094e-02
1.738281250000000069e-02
1.658593750000000172e-02
1.685156250000000022e-02
1.809374999999999872e-02
1.801562500000000039e-02
1.813281250000000136e-02
1.850781250000000169e-02
1.853906250000000172e-02
1.901562500000000128e-02
1.796093749999999947e-02
1.839843749999999986e-02
1.907031249999999872e-02
1.857031249999999828e-02
1.902343750000000042e-02
1.914843750000000053e-02
1.896874999999999950e-02
1.834374999999999895e-02
1.820312500000000056e-02
1.841406250000000161e-02
1.887499999999999942e-02
1.849218749999999994e-02
1.868749999999999925e-02
1.821093749999999969e-02
1.849218749999999994e-02
1.832812500000000067e-02
1.799218749999999950e-02
1.834374999999999895e-02
1.844531250000000164e-02
1.851562500000000083e-02
1.951562500000000172e-02
1.847656250000000167e-02
1.822656250000000144e-02
1.857812500000000089e-02
1.860937500000000092e-02
1.843749999999999903e-02
1.898437500000000125e-02
1.841406250000000161e-02
1.831249999999999892e-02
1.874999999999999931e-02
1.784374999999999850e-02
1.788281250000000114e-02
1.823437500000000058e-02
1.692968749999999856e-02
1.737500000000000155e-02
1.682812499999999933e-02
1.730468749999999889e-02
1.653125000000000080e-02
1.649218750000000164e-02
1.617968750000000136e-02
1.521093750000000050e-02
1.516406250000000046e-02
1.459375000000000082e-02
1.466406250000000001e-02
1.364062499999999997e-02
1.304687499999999944e-02
1.262500000000000080e-02
1.204687500000000029e-02
1.124218750000000044e-02
1.095312499999999932e-02
1.014843749999999947e-02
9.593749999999999847e-03
8.945312500000000139e-03
8.226562499999999500e-03
7.281250000000000396e-03
7.460937499999999688e-03
6.578124999999999771e-03
5.867187500000000007e-03
5.390624999999999584e-03
4.835937499999999958e-03
4.398437499999999570e-03
4.132812500000000201e-03
3.531250000000000101e-03
3.500000000000000073e-03
2.890624999999999965e-03
0.000000000000000000e+00
0.000000000000000000e+00
0.000000000000000000e+00
0.000000000000000000e+00
0.000000000000000000e+00
0.000000000000000000e+00
0.000000000000000000e+00
0.000000000000000000e+00
0.000000000000000000e+00
0.000000000000000000e+00
