0.000000000000000000e+00
0.000000000000000000e+00
0.000000000000000000e+00
0.000000000000000000e+00
0.000000000000000000e+00
0.000000000000000000e+00
0.000000000000000000e+00
0.000000000000000000e+00
0.000000000000000000e+00
0.000000000000000000e+00
2.759375000000000022e-02
3.043749999999999928e-02
3.338281249999999756e-02
3.510937499999999822e-02
3.827343750000000017e-02
3.994531250000000339e-02
4.270312500000000150e-02
4.451562500000000311e-02
4.830468749999999867e-02
5.102343749999999761e-02
5.323437500000000044e-02
5.600781249999999684e-02
5.867968750000000094e-02
6.400781249999999700e-02
6.542968750000000000e-02
6.910156250000000500e-02
6.967968750000000377e-02
7.575781249999999356e-02
7.828906250000000622e-02
8.119531250000000533e-02
8.548437500000000133e-02
8.606250000000000011e-02
8.671874999999999722e-02
8.911718750000000022e-02
8.860937500000000411e-02
9.174999999999999822e-02
9.235156249999999789e-02
9.298437499999999412e-02
9.444531250000000322e-02
9.655468749999999989e-02
9.703906249999999512e-02
9.910937499999999956e-02
9.964843750000000611e-02
9.895312500000000289e-02
1.008828125000000020e-01
1.018828125000000029e-01
1.014921874999999973e-01
1.020937499999999970e-01
1.051953124999999989e-01
1.038437499999999986e-01
1.028828125000000038e-01
1.044921875000000000e-01
1.048359375000000038e-01
1.035703124999999974e-01
1.054843750000000052e-01
1.046562500000000062e-01
1.039531249999999934e-01
1.050781249999999944e-01
1.056484374999999976e-01
1.047734374999999968e-01
1.057578125000000063e-01
1.053359375000000042e-01
1.057265624999999959e-01
1.058593750000000056e-01
1.052187499999999998e-01
1.053593750000000051e-01
1.053437499999999999e-01
1.032812500000000050e-01
1.047734374999999968e-01
1.024296875000000051e-01
1.024609375000000017e-01
1.034140625000000008e-01
1.036718749999999967e-01
1.023671874999999981e-01
1.023515625000000068e-01
1.005078125000000017e-01
1.017734374999999941e-01
1.000234375000000064e-01
1.001093750000000004e-01
9.665624999999999911e-02
9.723437499999999789e-02
9.607812500000000033e-02
9.461718750000000511e-02
9.340624999999999623e-02
9.485156250000000011e-02
9.049218750000000144e-02
9.064843749999999811e-02
8.830468750000000644e-02
8.621093750000000111e-02
8.404687499999999312e-02
8.322656250000000366e-02
7.942187500000000289e-02
7.622656249999999745e-02
7.410156249999999556e-02
6.850781250000000100e-02
6.696093749999999789e-02
6.305468749999999789e-02
6.064843749999999922e-02
5.809374999999999956e-02
5.460937500000000167e-02
5.060937499999999811e-02
5.012500000000000289e-02
4.632031250000000211e-02
4.444531250000000044e-02
4.117187499999999667e-02
3.867187500000000139e-02
3.603906250000000339e-02
3.396874999999999895e-02
3.160156249999999944e-02
2.914843749999999900e-02
0.000000000000000000e+00
0.000000000000000000e+00
0.000000000000000000e+00
0.000000000000000000e+00
0.000000000000000000e+00
0.000000000000000000e+00
0.000000000000000000e+00
0.000000000000000000e+00
0.000000000000000000e+00
0.000000000000000000e+00
