0.000000000000000000e+00
0.000000000000000000e+00
0.000000000000000000e+00
0.000000000000000000e+00
0.000000000000000000e+00
0.000000000000000000e+00
0.000000000000000000e+00
0.000000000000000000e+00
0.000000000000000000e+00
0.000000000000000000e+00
2.910156250000000069e-02
3.051562500000000108e-02
3.314843750000000255e-02
3.527343749999999750e-02
3.780468750000000322e-02
4.033593750000000200e-02
4.355468750000000139e-02
4.469531250000000067e-02
4.835156250000000044e-02
5.046874999999999972e-02
5.325781250000000133e-02
5.739062500000000067e-02
6.010156249999999700e-02
6.411718750000000577e-02
6.545312500000000089e-02
6.867968750000000289e-02
7.200781250000000411e-02
7.473437500000000566e-02
7.803124999999999645e-02
8.175000000000000322e-02
8.434374999999999512e-02
8.594531249999999567e-02
8.631250000000000033e-02
8.932812499999999434e-02
9.153906250000000411e-02
9.163281249999999378e-02
9.381249999999999312e-02
9.441406250000000666e-02
9.467968749999999822e-02
9.629687500000000400e-02
9.793749999999999678e-02
9.892968750000000200e-02
9.858593749999999822e-02
1.006171874999999966e-01
1.008437499999999959e-01
1.018046875000000046e-01
1.010000000000000064e-01
1.023125000000000007e-01
1.023359375000000016e-01
1.030703124999999970e-01
1.038593750000000038e-01
1.047968749999999977e-01
1.066328124999999932e-01
1.031015624999999936e-01
1.049140625000000021e-01
1.042499999999999954e-01
1.038593750000000038e-01
1.052734374999999972e-01
1.041562500000000058e-01
1.034843750000000034e-01
1.062109375000000050e-01
1.053515624999999956e-01
1.052187499999999998e-01
1.050703124999999988e-01
1.032421874999999989e-01
1.056015624999999958e-01
1.034609375000000026e-01
1.040234374999999961e-01
1.057343750000000054e-01
1.041562500000000058e-01
1.036796875000000062e-01
1.040703124999999979e-01
1.037968749999999968e-01
1.031640625000000006e-01
1.014374999999999999e-01
1.019843750000000021e-01
1.004843750000000008e-01
1.001250000000000057e-01
9.938281250000000067e-02
9.761718749999999389e-02
9.770312500000000178e-02
9.632031250000000488e-02
9.368750000000000688e-02
9.348437499999999456e-02
9.210156249999999767e-02
9.064062500000000244e-02
9.005468749999999412e-02
9.030468749999999434e-02
8.764843749999999545e-02
8.531249999999999944e-02
8.311718749999999489e-02
7.945312499999999944e-02
7.684375000000000233e-02
7.316406250000000167e-02
6.892968750000000311e-02
6.662500000000000366e-02
6.291406250000000644e-02
6.041406249999999728e-02
5.713281249999999784e-02
5.456249999999999989e-02
5.152343749999999806e-02
4.971093750000000339e-02
4.640625000000000305e-02
4.481249999999999817e-02
4.245312500000000128e-02
3.826562499999999756e-02
3.492187499999999806e-02
3.328124999999999833e-02
3.116406249999999906e-02
2.937499999999999833e-02
0.000000000000000000e+00
0.000000000000000000e+00
0.000000000000000000e+00
0.000000000000000000e+00
0.000000000000000000e+00
0.000000000000000000e+00
0.000000000000000000e+00
0.000000000000000000e+00
0.000000000000000000e+00
0.000000000000000000e+00
