-0.000000000000000000e+00
-0.000000000000000000e+00
-0.000000000000000000e+00
-0.000000000000000000e+00
-0.000000000000000000e+00
-0.000000000000000000e+00
-0.000000000000000000e+00
-0.000000000000000000e+00
-0.000000000000000000e+00
-0.000000000000000000e+00
4.326243306093497054e+00
4.167617316527191917e+00
4.095957081253419396e+00
3.988389770490098130e+00
3.870501783525628348e+00
3.781941648129429012e+00
3.683017916891506705e+00
3.604140428847961708e+00
3.510854666445867522e+00
3.460054305669967967e+00
3.341986453220274544e+00
3.312795446732751614e+00
3.232397176781197867e+00
3.138319357699915990e+00
3.083413333774969622e+00
3.046957449160289766e+00
2.975261403414406480e+00
2.929399166573095847e+00
2.869965928672820965e+00
2.778371497246963528e+00
2.720309376777366062e+00
2.742077508421634224e+00
2.657334913842739343e+00
2.666180409728279521e+00
2.619858907811462245e+00
2.612981770938074266e+00
2.568476458811179253e+00
2.555211028312974531e+00
2.575686617384973065e+00
2.537700476099597591e+00
2.482786489446850542e+00
2.513521893012289343e+00
2.483098001285228396e+00
2.488587818254039963e+00
2.487756649379833540e+00
2.459710968602448311e+00
2.470282494240967797e+00
2.440866645115717048e+00
2.424860848405559377e+00
2.434406440534431226e+00
2.470176022322507325e+00
2.456006923102254103e+00
2.453267055129481289e+00
2.427501392995421892e+00
2.442630570577333238e+00
2.440237360780198372e+00
2.436994435448295082e+00
2.493939015160033357e+00
2.447668381765483403e+00
2.446712086959738297e+00
2.473182888353870457e+00
2.450835211009904313e+00
2.487357224286412816e+00
2.455785053432881337e+00
2.434278960614407517e+00
2.459423392458027990e+00
2.465961450396015220e+00
2.430350328892825651e+00
2.450535113577988700e+00
2.433154709700244833e+00
2.458657417712353688e+00
2.436205848220464709e+00
2.494902147040846341e+00
2.435715072569652584e+00
2.480547645700853732e+00
2.472669639455224999e+00
2.470807320235668847e+00
2.503295356558265183e+00
2.501596275944756087e+00
2.489318953255603262e+00
2.529241272223424097e+00
2.538191599187023861e+00
2.544922449771141792e+00
2.566773840181532318e+00
2.616288678466015760e+00
2.660379657232774697e+00
2.659745460814110452e+00
2.691032787148479155e+00
2.697618309341181853e+00
2.739006269527906490e+00
2.779843575175681814e+00
2.853801263099735142e+00
2.922408628588710755e+00
3.002403630705293480e+00
3.023245476466378090e+00
3.106072824702902579e+00
3.134004089401813520e+00
3.212706624522779997e+00
3.291535145782267691e+00
3.355001641771218956e+00
3.434153014418826366e+00
3.522009741918591175e+00
3.566457781435095953e+00
3.695226591306650654e+00
3.742054780146899073e+00
3.860543386779239139e+00
3.972987299804120465e+00
4.072322309346183111e+00
4.186218234402415028e+00
4.304814377190939290e+00
-0.000000000000000000e+00
-0.000000000000000000e+00
-0.000000000000000000e+00
-0.000000000000000000e+00
-0.000000000000000000e+00
-0.000000000000000000e+00
-0.000000000000000000e+00
-0.000000000000000000e+00
-0.000000000000000000e+00
-0.000000000000000000e+00
