-0.000000000000000000e+00
-0.000000000000000000e+00
-0.000000000000000000e+00
-0.000000000000000000e+00
-0.000000000000000000e+00
-0.000000000000000000e+00
-0.000000000000000000e+00
-0.000000000000000000e+00
-0.000000000000000000e+00
-0.000000000000000000e+00
4.377378658097499375e+00
4.199571865862089304e+00
4.067201543908665506e+00
3.976470578621629670e+00
3.893110964288760023e+00
3.788226050643459519e+00
3.683973358869025994e+00
3.613046547257330321e+00
3.546610366256840674e+00
3.454146280332425878e+00
3.342357087111983205e+00
3.282963050806408045e+00
3.210310108670058504e+00
3.164958320524228874e+00
3.115196521778546668e+00
3.044222249996595853e+00
2.979250370336708365e+00
2.882488235278222177e+00
2.823879462176007493e+00
2.783559067870856385e+00
2.779444636115089740e+00
2.734254583504683200e+00
2.681906402012590007e+00
2.653951237984236045e+00
2.647430080637306116e+00
2.583638168050120143e+00
2.604429289395331804e+00
2.543074675104607163e+00
2.539733254008012864e+00
2.549010159071182891e+00
2.552214217000681185e+00
2.520909589781703541e+00
2.489746208480350997e+00
2.474582761440115242e+00
2.456490569086290154e+00
2.483725715039500237e+00
2.452157312189492622e+00
2.469677977663882196e+00
2.433408316361707957e+00
2.451243296875899258e+00
2.454885385974192591e+00
2.444908762349816911e+00
2.414209536886487761e+00
2.454030916863910061e+00
2.449385398588834306e+00
2.479453910350602364e+00
2.473156920978506701e+00
2.468634666342343742e+00
2.465583555869607757e+00
2.465155094963676241e+00
2.470824747107783992e+00
2.462251421749373392e+00
2.422157269148527359e+00
2.486826245774797162e+00
2.409527604243467902e+00
2.434008637236448447e+00
2.464626938631985897e+00
2.444740822047118733e+00
2.447393175597921910e+00
2.436635718252024851e+00
2.449858763972723175e+00
2.465343247196607912e+00
2.463709013622323418e+00
2.429730121136390864e+00
2.479830227643128548e+00
2.456297423947176650e+00
2.485120822889144598e+00
2.502677208614388693e+00
2.489314762819089477e+00
2.490742544876354714e+00
2.499459944952932222e+00
2.540966916888057980e+00
2.543607123825632588e+00
2.576294603150538265e+00
2.582489294387515066e+00
2.638967385107116925e+00
2.664606759361534571e+00
2.678100639349048961e+00
2.716122133595038513e+00
2.744796192781627120e+00
2.786893891880885654e+00
2.860781741268258127e+00
2.899269600925614920e+00
2.934058906089339391e+00
3.031050284688021179e+00
3.086427940417886706e+00
3.145572730325262967e+00
3.239896980736940435e+00
3.313470064312523888e+00
3.351319697832092714e+00
3.433927168751929937e+00
3.527992246073348603e+00
3.606981069905907056e+00
3.714127410404336693e+00
3.794212400991002543e+00
3.867557716257839395e+00
3.977564358712400772e+00
4.070695627175872744e+00
4.173401205327886387e+00
4.323032968099415285e+00
-0.000000000000000000e+00
-0.000000000000000000e+00
-0.000000000000000000e+00
-0.000000000000000000e+00
-0.000000000000000000e+00
-0.000000000000000000e+00
-0.000000000000000000e+00
-0.000000000000000000e+00
-0.000000000000000000e+00
-0.000000000000000000e+00
