0.000000000000000000e+00
0.000000000000000000e+00
0.000000000000000000e+00
0.000000000000000000e+00
0.000000000000000000e+00
0.000000000000000000e+00
0.000000000000000000e+00
0.000000000000000000e+00
0.000000000000000000e+00
0.000000000000000000e+00
2.468750000000000024e-03
2.835937499999999917e-03
3.406249999999999990e-03
4.007812500000000090e-03
4.132812500000000201e-03
5.085937500000000180e-03
5.546874999999999722e-03
6.007812500000000132e-03
6.515624999999999716e-03
6.687499999999999868e-03
7.359374999999999598e-03
7.671874999999999875e-03
8.460937499999999709e-03
9.328124999999999611e-03
9.882812499999999237e-03
1.085937499999999924e-02
1.088281250000000012e-02
1.170312499999999999e-02
1.261718749999999993e-02
1.287499999999999929e-02
1.392187500000000022e-02
1.437500000000000062e-02
1.474999999999999922e-02
1.530468750000000058e-02
1.614843750000000133e-02
1.648437499999999903e-02
1.615625000000000047e-02
1.581250000000000017e-02
1.657812499999999911e-02
1.685156250000000022e-02
1.681250000000000105e-02
1.770312500000000011e-02
1.778906250000000105e-02
1.827343749999999975e-02
1.793749999999999858e-02
1.764843749999999920e-02
1.828124999999999889e-02
1.811718749999999961e-02
1.837499999999999897e-02
1.946874999999999994e-02
1.817187500000000053e-02
1.810937500000000047e-02
1.796093749999999947e-02
1.837499999999999897e-02
1.834374999999999895e-02
1.838281250000000158e-02
1.815624999999999878e-02
1.817187500000000053e-02
1.796093749999999947e-02
1.847656250000000167e-02
1.882031249999999850e-02
1.838281250000000158e-02
1.837499999999999897e-02
1.782812500000000022e-02
1.890624999999999944e-02
1.896874999999999950e-02
1.813281250000000136e-02
1.828906250000000150e-02
1.871093750000000014e-02
1.838281250000000158e-02
1.859374999999999917e-02
1.862499999999999920e-02
1.819531250000000142e-02
1.910937500000000136e-02
1.823437500000000058e-02
1.817968749999999967e-02
1.827343749999999975e-02
1.833593749999999981e-02
1.809374999999999872e-02
1.732812499999999978e-02
1.679687499999999931e-02
1.667968749999999833e-02
1.582031249999999931e-02
1.641406249999999983e-02
1.646875000000000075e-02
1.540624999999999981e-02
1.528124999999999969e-02
1.488281250000000021e-02
1.421093749999999961e-02
1.401562500000000031e-02
1.336718750000000060e-02
1.256250000000000075e-02
1.125781250000000046e-02
1.089062499999999926e-02
1.074999999999999914e-02
9.828125000000000056e-03
8.976562500000000167e-03
8.429687499999999681e-03
7.976562499999999278e-03
7.070312500000000208e-03
6.664062499999999847e-03
6.374999999999999591e-03
5.523437499999999702e-03
5.421874999999999611e-03
4.820312499999999944e-03
4.609374999999999757e-03
4.203125000000000264e-03
3.406249999999999990e-03
3.421875000000000003e-03
2.882812499999999958e-03
0.000000000000000000e+00
0.000000000000000000e+00
0.000000000000000000e+00
0.000000000000000000e+00
0.000000000000000000e+00
0.000000000000000000e+00
0.000000000000000000e+00
0.000000000000000000e+00
0.000000000000000000e+00
0.000000000000000000e+00
