0.000000000000000000e+00
0.000000000000000000e+00
0.000000000000000000e+00
0.000000000000000000e+00
0.000000000000000000e+00
0.000000000000000000e+00
0.000000000000000000e+00
0.000000000000000000e+00
0.000000000000000000e+00
0.000000000000000000e+00
3.000000000000000062e-03
3.062500000000000118e-03
3.789062499999999896e-03
4.023437500000000104e-03
4.609374999999999757e-03
5.187500000000000271e-03
5.046875000000000146e-03
6.039062500000000160e-03
6.593749999999999785e-03
6.992187500000000139e-03
7.484374999999999709e-03
8.015625000000000180e-03
8.585937499999999820e-03
9.124999999999999431e-03
1.030468749999999961e-02
1.067968749999999994e-02
1.149999999999999981e-02
1.166406250000000082e-02
1.261718749999999993e-02
1.376562500000000008e-02
1.400000000000000029e-02
1.455468749999999992e-02
1.487499999999999933e-02
1.496093750000000028e-02
1.525781250000000054e-02
1.542187499999999982e-02
1.630468750000000147e-02
1.661718749999999828e-02
1.775781250000000103e-02
1.713281250000000047e-02
1.767187500000000008e-02
1.754687499999999997e-02
1.817968749999999967e-02
1.851562500000000083e-02
1.824218749999999972e-02
1.828124999999999889e-02
1.873437500000000103e-02
1.849218749999999994e-02
1.840624999999999900e-02
1.919531249999999883e-02
1.869531249999999839e-02
1.873437500000000103e-02
1.889062500000000117e-02
1.910156249999999875e-02
1.799218749999999950e-02
1.874218750000000017e-02
1.860937500000000092e-02
1.853906250000000172e-02
1.860156249999999831e-02
1.879687500000000108e-02
1.875781249999999845e-02
1.887499999999999942e-02
1.846093749999999992e-02
1.853124999999999911e-02
1.832031250000000153e-02
1.899218750000000039e-02
1.841406250000000161e-02
1.882812500000000111e-02
1.846093749999999992e-02
1.827343749999999975e-02
1.848437500000000080e-02
1.818749999999999881e-02
1.803906250000000128e-02
1.854687500000000086e-02
1.840624999999999900e-02
1.835937500000000069e-02
1.817187500000000053e-02
1.810937500000000047e-02
1.721875000000000142e-02
1.760937500000000003e-02
1.772656250000000100e-02
1.730468749999999889e-02
1.692187499999999942e-02
1.678906250000000017e-02
1.602343750000000122e-02
1.556249999999999994e-02
1.482031250000000015e-02
1.474999999999999922e-02
1.460156249999999996e-02
1.379687500000000011e-02
1.336718750000000060e-02
1.162499999999999992e-02
1.223437500000000046e-02
1.155468750000000072e-02
1.056250000000000071e-02
9.281249999999999570e-03
9.484374999999999750e-03
8.289062499999999556e-03
7.539062499999999757e-03
7.476562499999999702e-03
6.937500000000000090e-03
6.546874999999999743e-03
5.828124999999999972e-03
5.257812500000000333e-03
4.640624999999999785e-03
4.476562499999999639e-03
4.226562500000000284e-03
3.585937500000000149e-03
2.968750000000000035e-03
2.742187499999999833e-03
0.000000000000000000e+00
0.000000000000000000e+00
0.000000000000000000e+00
0.000000000000000000e+00
0.000000000000000000e+00
0.000000000000000000e+00
0.000000000000000000e+00
0.000000000000000000e+00
0.000000000000000000e+00
0.000000000000000000e+00
