-0.000000000000000000e+00
-0.000000000000000000e+00
-0.000000000000000000e+00
-0.000000000000000000e+00
-0.000000000000000000e+00
-0.000000000000000000e+00
-0.000000000000000000e+00
-0.000000000000000000e+00
-0.000000000000000000e+00
-0.000000000000000000e+00
4.315770672941203756e+00
4.198899896374652663e+00
4.090112581659847812e+00
3.996540374541066587e+00
3.854319087329850291e+00
3.756289350555432893e+00
3.673898643145244503e+00
3.603376436942183236e+00
3.506231893861219362e+00
3.447862409773263970e+00
3.346894767676518612e+00
3.270713151757044912e+00
3.205097702984763597e+00
3.164318047799980604e+00
3.098707606243647827e+00
3.058198283535703332e+00
2.972479044048604191e+00
2.915342376764036736e+00
2.848538818376370685e+00
2.807179684939268505e+00
2.734147492701197724e+00
2.697716041881465632e+00
2.692175371353753732e+00
2.649395717464268607e+00
2.628882153065685401e+00
2.601692617506727423e+00
2.586768520571974594e+00
2.550289612888792856e+00
2.569154691727300488e+00
2.499125092636533818e+00
2.521297469389560675e+00
2.487474799294719485e+00
2.503883311235902909e+00
2.484810313289791850e+00
2.482471825525615294e+00
2.477317393139801371e+00
2.485200794312548034e+00
2.429259698124636380e+00
2.467935663518786349e+00
2.432877626401320992e+00
2.437428646471874849e+00
2.478991102680803138e+00
2.447476565998266462e+00
2.444972708604828515e+00
2.474494490032841831e+00
2.453377833309857259e+00
2.450272814697858514e+00
2.465766678701587722e+00
2.459688759499574662e+00
2.443763761897855602e+00
2.439116971964485625e+00
2.469910760962108043e+00
2.471203764830729011e+00
2.468999643660492627e+00
2.452267853008927023e+00
2.448441065476278933e+00
2.470253974166643385e+00
2.461592708270364138e+00
2.447317534673350448e+00
2.474568300989083092e+00
2.448994629588875149e+00
2.469711991908242421e+00
2.449581495029097500e+00
2.435206971826481492e+00
2.438431206662494244e+00
2.477227179526180212e+00
2.472122343686829371e+00
2.491340633211986511e+00
2.508546656305204792e+00
2.511578403263762027e+00
2.517963549657654010e+00
2.538102310956308116e+00
2.552765040906105121e+00
2.589020731297438704e+00
2.603712129923025920e+00
2.625313833943105024e+00
2.628374403030742101e+00
2.689770844064687694e+00
2.709985555690291648e+00
2.758995731019686204e+00
2.799204630770005586e+00
2.848863212167447756e+00
2.913154408163487474e+00
2.959024484866399796e+00
3.034245740880627373e+00
3.087888766272582686e+00
3.175800655422596375e+00
3.213853735282170554e+00
3.279353990865126800e+00
3.387545069516241014e+00
3.446539432602468533e+00
3.509599948633103317e+00
3.586185126308247817e+00
3.673712743487117294e+00
3.785647615469786675e+00
3.897771806163740749e+00
3.994036603278294351e+00
4.085183943222867597e+00
4.228561739044296885e+00
4.362249684304490671e+00
-0.000000000000000000e+00
-0.000000000000000000e+00
-0.000000000000000000e+00
-0.000000000000000000e+00
-0.000000000000000000e+00
-0.000000000000000000e+00
-0.000000000000000000e+00
-0.000000000000000000e+00
-0.000000000000000000e+00
-0.000000000000000000e+00
