0.000000000000000000e+00
0.000000000000000000e+00
0.000000000000000000e+00
0.000000000000000000e+00
0.000000000000000000e+00
0.000000000000000000e+00
0.000000000000000000e+00
0.000000000000000000e+00
0.000000000000000000e+00
0.000000000000000000e+00
2.819531249999999989e-02
3.001562500000000064e-02
3.188281250000000316e-02
3.444531249999999850e-02
3.721093749999999922e-02
4.011718749999999833e-02
4.267968750000000061e-02
4.584375000000000255e-02
4.812500000000000111e-02
5.034374999999999961e-02
5.292968750000000278e-02
5.672656250000000094e-02
5.807031249999999867e-02
6.355468749999999833e-02
6.460156250000000100e-02
6.715625000000000067e-02
7.123437500000000255e-02
7.305468750000000677e-02
7.766406250000000566e-02
8.164062499999999445e-02
8.399218749999999567e-02
8.565625000000000322e-02
8.785156249999999389e-02
8.808593750000000278e-02
8.838281250000000477e-02
9.047656249999999623e-02
9.211718750000000289e-02
9.209375000000000200e-02
9.414062500000000555e-02
9.680468750000000011e-02
9.639843750000000322e-02
9.662500000000000255e-02
9.868749999999999745e-02
9.990625000000000200e-02
1.011093750000000013e-01
1.019531250000000056e-01
1.024843750000000026e-01
1.026875000000000010e-01
1.010312500000000030e-01
1.022656249999999989e-01
1.034218749999999964e-01
1.022734374999999946e-01
1.047968749999999977e-01
1.041249999999999953e-01
1.025468749999999957e-01
1.057890625000000029e-01
1.051640625000000023e-01
1.061328125000000067e-01
1.035156250000000000e-01
1.036562500000000053e-01
1.059375000000000039e-01
1.055703124999999992e-01
1.044375000000000026e-01
1.050078125000000057e-01
1.063359375000000051e-01
1.054843750000000052e-01
1.045625000000000027e-01
1.050390625000000022e-01
1.047499999999999959e-01
1.041171874999999997e-01
1.031875000000000014e-01
1.039921874999999996e-01
1.026249999999999940e-01
1.032265624999999937e-01
1.032578125000000041e-01
1.017890624999999993e-01
1.028359375000000020e-01
1.011093750000000013e-01
9.846093749999999811e-02
9.795312500000000200e-02
9.675781249999999833e-02
9.539843750000000233e-02
9.491406249999999323e-02
9.317187500000000122e-02
9.339062500000000488e-02
9.174218750000000255e-02
8.987499999999999656e-02
8.909374999999999933e-02
8.872656249999999467e-02
8.633593750000000122e-02
8.329687500000000633e-02
7.924218750000000533e-02
7.760937499999999434e-02
7.434375000000000011e-02
7.075781250000000300e-02
6.750000000000000444e-02
6.357812499999999922e-02
5.992187499999999944e-02
5.853124999999999994e-02
5.474218749999999745e-02
5.102343749999999761e-02
4.953906250000000150e-02
4.522656249999999767e-02
4.545312499999999700e-02
4.112500000000000183e-02
3.926562499999999845e-02
3.627343749999999839e-02
3.289062499999999972e-02
3.032031249999999831e-02
2.918750000000000164e-02
0.000000000000000000e+00
0.000000000000000000e+00
0.000000000000000000e+00
0.000000000000000000e+00
0.000000000000000000e+00
0.000000000000000000e+00
0.000000000000000000e+00
0.000000000000000000e+00
0.000000000000000000e+00
0.000000000000000000e+00
