0.000000000000000000e+00
0.000000000000000000e+00
0.000000000000000000e+00
0.000000000000000000e+00
0.000000000000000000e+00
0.000000000000000000e+00
0.000000000000000000e+00
0.000000000000000000e+00
0.000000000000000000e+00
0.000000000000000000e+00
3.140625000000000187e-03
3.312499999999999906e-03
3.578125000000000142e-03
4.054687500000000132e-03
4.828124999999999951e-03
5.179687500000000264e-03
5.445312499999999632e-03
6.007812500000000132e-03
6.804687499999999972e-03
7.578124999999999792e-03
7.679687499999999882e-03
8.015625000000000180e-03
9.031249999999999348e-03
9.046874999999999362e-03
9.937500000000000153e-03
1.047656249999999976e-02
1.159374999999999989e-02
1.227343749999999963e-02
1.289062499999999931e-02
1.338281250000000061e-02
1.342968750000000065e-02
1.460156249999999996e-02
1.443750000000000068e-02
1.506249999999999950e-02
1.569531249999999920e-02
1.641406249999999983e-02
1.669531250000000008e-02
1.642968750000000158e-02
1.700000000000000122e-02
1.655468750000000169e-02
1.708593749999999870e-02
1.731250000000000150e-02
1.779687500000000019e-02
1.787499999999999853e-02
1.861718750000000006e-02
1.808593749999999958e-02
1.767187500000000008e-02
1.818749999999999881e-02
1.811718749999999961e-02
1.856249999999999914e-02
1.853124999999999911e-02
1.821874999999999883e-02
1.939062500000000161e-02
1.836718749999999983e-02
1.871093750000000014e-02
1.889062500000000117e-02
1.802343749999999953e-02
1.841406250000000161e-02
1.896874999999999950e-02
1.903124999999999956e-02
1.924218750000000061e-02
1.828124999999999889e-02
1.848437500000000080e-02
1.784374999999999850e-02
1.849218749999999994e-02
1.874999999999999931e-02
1.822656250000000144e-02
1.854687500000000086e-02
1.916406249999999881e-02
1.931249999999999981e-02
1.863281249999999833e-02
1.895312500000000122e-02
1.933593750000000069e-02
1.904687500000000130e-02
1.842187500000000075e-02
1.827343749999999975e-02
1.824218749999999972e-02
1.853124999999999911e-02
1.831249999999999892e-02
1.719531250000000053e-02
1.685156250000000022e-02
1.738281250000000069e-02
1.705468749999999867e-02
1.612500000000000044e-02
1.610156249999999956e-02
1.555468750000000080e-02
1.490624999999999936e-02
1.471093750000000006e-02
1.414843749999999956e-02
1.442187500000000067e-02
1.358593750000000079e-02
1.182812500000000010e-02
1.193750000000000019e-02
1.076562499999999915e-02
1.038281249999999968e-02
9.820312499999999181e-03
8.867187500000000069e-03
8.375000000000000500e-03
8.117187499999999403e-03
7.109375000000000243e-03
6.531249999999999729e-03
6.406249999999999618e-03
5.382812499999999577e-03
5.242187500000000319e-03
4.874999999999999993e-03
4.499999999999999660e-03
3.867187499999999965e-03
3.734374999999999847e-03
3.203124999999999809e-03
2.570312500000000114e-03
0.000000000000000000e+00
0.000000000000000000e+00
0.000000000000000000e+00
0.000000000000000000e+00
0.000000000000000000e+00
0.000000000000000000e+00
0.000000000000000000e+00
0.000000000000000000e+00
0.000000000000000000e+00
0.000000000000000000e+00
