-0.000000000000000000e+00
-0.000000000000000000e+00
-0.000000000000000000e+00
-0.000000000000000000e+00
-0.000000000000000000e+00
-0.000000000000000000e+00
-0.000000000000000000e+00
-0.000000000000000000e+00
-0.000000000000000000e+00
-0.000000000000000000e+00
4.305051236592343678e+00
4.195778506987317691e+00
4.042662762575848667e+00
3.942735923486070160e+00
3.882889429347866628e+00
3.762395354611003828e+00
3.678755732230437392e+00
3.569597286855290097e+00
3.464771534571189360e+00
3.388113619840908530e+00
3.350411239104261529e+00
3.271224914261171790e+00
3.196698419426644566e+00
3.137025369910668715e+00
3.078901839393090700e+00
2.996573210125953679e+00
2.938245842651111772e+00
2.883792059508928585e+00
2.823176143102974045e+00
2.794684774760348045e+00
2.720913616651793099e+00
2.698078474868432775e+00
2.641091918313045017e+00
2.649316132883650976e+00
2.619054508714654617e+00
2.571164227291562465e+00
2.559023619516460624e+00
2.523900903998169909e+00
2.562778842475935459e+00
2.524407448113282548e+00
2.509838101069229221e+00
2.479321557506125817e+00
2.469868017339921451e+00
2.455938927405991290e+00
2.449341514253857266e+00
2.462340698205231160e+00
2.461874170306859622e+00
2.445658467659920010e+00
2.389446582317911627e+00
2.426540550561218090e+00
2.429846738664871442e+00
2.424863706857037560e+00
2.433532965933291159e+00
2.451525763290734794e+00
2.445348993468055898e+00
2.434976035079648327e+00
2.453632757717420176e+00
2.438361834408689255e+00
2.426414047343352198e+00
2.407320003448669254e+00
2.434669877235769775e+00
2.431667115991574146e+00
2.445667179131714608e+00
2.428562900153999671e+00
2.446066990768815508e+00
2.425358683867278042e+00
2.442790560058173632e+00
2.418076328981922263e+00
2.422012530993215229e+00
2.411112960030405983e+00
2.411108165660616365e+00
2.439699193618993345e+00
2.444085599368037265e+00
2.426935120721695593e+00
2.482623909098760961e+00
2.446481672123360429e+00
2.469605929777971554e+00
2.486799608395342531e+00
2.490846138048216307e+00
2.526411585982926589e+00
2.538550304916946665e+00
2.538626486915743996e+00
2.553779742672453335e+00
2.592861403320104063e+00
2.584927104190712921e+00
2.635614293645986539e+00
2.654542245742272488e+00
2.668677630939501277e+00
2.728120473867779783e+00
2.757001340981108051e+00
2.793300558734515437e+00
2.827769532635841632e+00
2.901670059755974584e+00
2.963368079139360844e+00
3.028060431915425177e+00
3.118679565909856066e+00
3.145152537280207827e+00
3.209018836184882151e+00
3.304290911171271272e+00
3.355664926677174975e+00
3.398125346206172903e+00
3.532720541849870166e+00
3.595079028751080763e+00
3.676709582675609767e+00
3.737193429930391275e+00
3.869960176357880144e+00
3.951007640825135336e+00
4.109506491253555716e+00
4.218345646938393756e+00
4.296738865701657417e+00
-0.000000000000000000e+00
-0.000000000000000000e+00
-0.000000000000000000e+00
-0.000000000000000000e+00
-0.000000000000000000e+00
-0.000000000000000000e+00
-0.000000000000000000e+00
-0.000000000000000000e+00
-0.000000000000000000e+00
-0.000000000000000000e+00
