0.000000000000000000e+00
0.000000000000000000e+00
0.000000000000000000e+00
0.000000000000000000e+00
0.000000000000000000e+00
0.000000000000000000e+00
0.000000000000000000e+00
0.000000000000000000e+00
0.000000000000000000e+00
0.000000000000000000e+00
2.838281250000000006e-02
2.974218749999999953e-02
3.295312499999999978e-02
3.393750000000000239e-02
3.678125000000000144e-02
4.007031249999999656e-02
4.240624999999999950e-02
4.413281250000000017e-02
4.666406249999999895e-02
4.958593750000000328e-02
5.246093749999999889e-02
5.550000000000000072e-02
5.837500000000000328e-02
6.079687500000000022e-02
6.301562500000000566e-02
6.764062499999999589e-02
7.118750000000000078e-02
7.353906250000000200e-02
7.836718750000000455e-02
8.118749999999999578e-02
8.214843750000000444e-02
8.364062499999999623e-02
8.645312500000000566e-02
8.745312500000000655e-02
8.934374999999999956e-02
8.938281250000000566e-02
9.186718750000000266e-02
9.104687499999999933e-02
9.440624999999999711e-02
9.464843750000000167e-02
9.717187500000000477e-02
9.690624999999999933e-02
9.863281250000000000e-02
9.860156250000000344e-02
1.012578125000000023e-01
1.017265625000000062e-01
1.007812500000000028e-01
1.021093750000000022e-01
1.015859375000000009e-01
1.019921874999999978e-01
1.027265624999999932e-01
1.021328125000000031e-01
1.032343750000000032e-01
1.024609375000000017e-01
1.049921875000000004e-01
1.034218749999999964e-01
1.040859375000000031e-01
1.049609375000000039e-01
1.040468749999999970e-01
1.036484374999999958e-01
1.039921874999999996e-01
1.043359375000000033e-01
1.049296874999999934e-01
1.050859375000000040e-01
1.037734374999999959e-01
1.034609375000000026e-01
1.050390625000000022e-01
1.038125000000000020e-01
1.036171874999999992e-01
1.043828125000000051e-01
1.027187499999999976e-01
1.036718749999999967e-01
1.030156249999999996e-01
1.006328125000000018e-01
9.985156250000000455e-02
9.964062499999999656e-02
9.949218749999999556e-02
9.907812500000000300e-02
9.842968750000000155e-02
9.839843750000000500e-02
9.615624999999999867e-02
9.624218750000000655e-02
9.411718750000000466e-02
9.365624999999999645e-02
9.124999999999999778e-02
9.014062500000000200e-02
8.982031249999999911e-02
8.754687499999999623e-02
8.646874999999999700e-02
8.396874999999999478e-02
8.167968750000000056e-02
8.013281249999999745e-02
7.574999999999999789e-02
7.278906250000000133e-02
6.875781250000000122e-02
6.611718749999999367e-02
6.203125000000000305e-02
5.973437499999999928e-02
5.698437499999999684e-02
5.508593750000000122e-02
5.179687499999999917e-02
4.950000000000000233e-02
4.709374999999999672e-02
4.392968750000000172e-02
4.200781249999999828e-02
3.746875000000000205e-02
3.658593749999999867e-02
3.318750000000000172e-02
3.131250000000000006e-02
3.012499999999999900e-02
0.000000000000000000e+00
0.000000000000000000e+00
0.000000000000000000e+00
0.000000000000000000e+00
0.000000000000000000e+00
0.000000000000000000e+00
0.000000000000000000e+00
0.000000000000000000e+00
0.000000000000000000e+00
0.000000000000000000e+00
