2.070515378705735987e+00
2.067349596273497347e+00
2.092520427710181430e+00
2.104066640657683340e+00
2.082207779310124351e+00
2.051259808755641068e+00
2.069699575146952242e+00
2.109742116858678962e+00
2.074847747420461186e+00
2.072246146050694460e+00
2.096920062927024819e+00
2.085054082117890228e+00
2.095577195571002527e+00
2.072116618133055255e+00
2.084574394150873200e+00
2.087701911339118421e+00
2.075501659144411093e+00
2.082111992738854500e+00
2.095702713749314050e+00
2.074107809279472470e+00
2.060976426998418098e+00
2.107707171924954714e+00
2.071801242914426133e+00
2.060432765303548575e+00
2.098732704362862300e+00
2.092344763598525059e+00
2.096957027177705601e+00
2.081251057494462930e+00
2.103420920614376133e+00
2.082062459550150013e+00
2.089569914353964108e+00
2.088085630829201289e+00
2.089739099700051561e+00
2.090533273283175841e+00
2.115505428371762253e+00
2.109969615802270493e+00
2.096933124900288270e+00
2.093992098748092445e+00
2.091077675964186255e+00
2.092079283034552706e+00
2.083014993398819126e+00
2.058006278513672793e+00
2.077224704516415166e+00
2.074384013939559068e+00
2.105254159769256894e+00
2.052738962571640347e+00
2.100625115742091875e+00
2.093630742861090077e+00
2.096352419218272534e+00
2.060628158757176198e+00
2.085454993686619130e+00
2.075101035538984284e+00
2.079834599071335610e+00
2.091521159066408675e+00
2.061661033798597664e+00
2.065986978261195262e+00
2.101097910020836679e+00
2.097549621063937941e+00
2.083451476283990633e+00
2.065603467402867377e+00
2.086836889769664527e+00
2.072881443150779823e+00
2.078356108377599210e+00
2.086502055067652961e+00
