0.000000000000000000e+00
0.000000000000000000e+00
0.000000000000000000e+00
0.000000000000000000e+00
0.000000000000000000e+00
0.000000000000000000e+00
0.000000000000000000e+00
0.000000000000000000e+00
0.000000000000000000e+00
0.000000000000000000e+00
0.000000000000000000e+00
0.000000000000000000e+00
0.000000000000000000e+00
0.000000000000000000e+00
0.000000000000000000e+00
0.000000000000000000e+00
0.000000000000000000e+00
0.000000000000000000e+00
0.000000000000000000e+00
0.000000000000000000e+00
0.000000000000000000e+00
0.000000000000000000e+00
0.000000000000000000e+00
0.000000000000000000e+00
0.000000000000000000e+00
5.839843750000000000e-01
5.732421875000000000e-01
5.610351562500000000e-01
5.717773437500000000e-01
5.874023437500000000e-01
5.898437500000000000e-01
5.761718750000000000e-01
5.800781250000000000e-01
5.639648437500000000e-01
5.571289062500000000e-01
6.098632812500000000e-01
5.527343750000000000e-01
5.708007812500000000e-01
5.585937500000000000e-01
5.590820312500000000e-01
5.815429687500000000e-01
5.737304687500000000e-01
5.688476562500000000e-01
5.483398437500000000e-01
5.639648437500000000e-01
5.346679687500000000e-01
5.483398437500000000e-01
5.244140625000000000e-01
5.405273437500000000e-01
5.556640625000000000e-01
5.683593750000000000e-01
5.332031250000000000e-01
5.610351562500000000e-01
5.273437500000000000e-01
5.112304687500000000e-01
5.180664062500000000e-01
5.126953125000000000e-01
5.122070312500000000e-01
5.410156250000000000e-01
5.371093750000000000e-01
5.195312500000000000e-01
5.083007812500000000e-01
5.029296875000000000e-01
5.146484375000000000e-01
5.385742187500000000e-01
5.200195312500000000e-01
5.468750000000000000e-01
5.263671875000000000e-01
5.634765625000000000e-01
5.483398437500000000e-01
5.327148437500000000e-01
5.449218750000000000e-01
5.849609375000000000e-01
5.683593750000000000e-01
5.727539062500000000e-01
5.698242187500000000e-01
5.644531250000000000e-01
5.620117187500000000e-01
6.044921875000000000e-01
5.859375000000000000e-01
5.717773437500000000e-01
5.849609375000000000e-01
5.756835937500000000e-01
5.917968750000000000e-01
5.639648437500000000e-01
5.742187500000000000e-01
5.546875000000000000e-01
5.942382812500000000e-01
5.874023437500000000e-01
5.751953125000000000e-01
5.761718750000000000e-01
5.820312500000000000e-01
5.517578125000000000e-01
5.698242187500000000e-01
5.620117187500000000e-01
5.869140625000000000e-01
5.712890625000000000e-01
5.922851562500000000e-01
5.678710937500000000e-01
5.854492187500000000e-01
5.986328125000000000e-01
5.571289062500000000e-01
5.576171875000000000e-01
5.947265625000000000e-01
5.332031250000000000e-01
5.473632812500000000e-01
5.166015625000000000e-01
5.522460937500000000e-01
5.327148437500000000e-01
5.922851562500000000e-01
5.751953125000000000e-01
5.776367187500000000e-01
5.488281250000000000e-01
5.581054687500000000e-01
5.610351562500000000e-01
5.419921875000000000e-01
5.615234375000000000e-01
5.849609375000000000e-01
5.644531250000000000e-01
5.917968750000000000e-01
5.737304687500000000e-01
5.644531250000000000e-01
5.864257812500000000e-01
5.913085937500000000e-01
5.795898437500000000e-01
5.747070312500000000e-01
6.123046875000000000e-01
5.600585937500000000e-01
5.678710937500000000e-01
5.874023437500000000e-01
5.644531250000000000e-01
5.927734375000000000e-01
5.727539062500000000e-01
5.600585937500000000e-01
5.610351562500000000e-01
5.703125000000000000e-01
5.581054687500000000e-01
5.668945312500000000e-01
5.727539062500000000e-01
5.664062500000000000e-01
5.634765625000000000e-01
5.668945312500000000e-01
5.766601562500000000e-01
5.683593750000000000e-01
5.830078125000000000e-01
5.927734375000000000e-01
5.595703125000000000e-01
5.751953125000000000e-01
5.532226562500000000e-01
5.673828125000000000e-01
5.815429687500000000e-01
5.478515625000000000e-01
5.468750000000000000e-01
5.419921875000000000e-01
5.668945312500000000e-01
5.703125000000000000e-01
5.385742187500000000e-01
5.175781250000000000e-01
5.703125000000000000e-01
5.498046875000000000e-01
5.971679687500000000e-01
5.605468750000000000e-01
5.512695312500000000e-01
5.478515625000000000e-01
5.756835937500000000e-01
5.590820312500000000e-01
5.375976562500000000e-01
5.405273437500000000e-01
5.288085937500000000e-01
5.576171875000000000e-01
5.312500000000000000e-01
5.698242187500000000e-01
5.615234375000000000e-01
5.463867187500000000e-01
5.610351562500000000e-01
5.903320312500000000e-01
5.297851562500000000e-01
5.268554687500000000e-01
5.551757812500000000e-01
5.605468750000000000e-01
5.332031250000000000e-01
5.229492187500000000e-01
5.249023437500000000e-01
5.209960937500000000e-01
5.395507812500000000e-01
5.297851562500000000e-01
5.512695312500000000e-01
5.483398437500000000e-01
5.483398437500000000e-01
5.234375000000000000e-01
5.170898437500000000e-01
5.302734375000000000e-01
5.019531250000000000e-01
5.107421875000000000e-01
5.322265625000000000e-01
5.244140625000000000e-01
4.921875000000000000e-01
5.405273437500000000e-01
5.122070312500000000e-01
5.083007812500000000e-01
5.249023437500000000e-01
4.980468750000000000e-01
5.102539062500000000e-01
5.068359375000000000e-01
5.073242187500000000e-01
5.102539062500000000e-01
4.990234375000000000e-01
4.921875000000000000e-01
5.034179687500000000e-01
5.151367187500000000e-01
4.931640625000000000e-01
4.916992187500000000e-01
5.107421875000000000e-01
5.361328125000000000e-01
4.829101562500000000e-01
5.058593750000000000e-01
4.873046875000000000e-01
4.741210937500000000e-01
4.721679687500000000e-01
5.039062500000000000e-01
4.672851562500000000e-01
4.887695312500000000e-01
4.814453125000000000e-01
5.009765625000000000e-01
5.009765625000000000e-01
4.794921875000000000e-01
4.941406250000000000e-01
5.078125000000000000e-01
4.897460937500000000e-01
4.731445312500000000e-01
4.853515625000000000e-01
4.824218750000000000e-01
4.912109375000000000e-01
4.912109375000000000e-01
4.794921875000000000e-01
4.916992187500000000e-01
4.653320312500000000e-01
4.804687500000000000e-01
4.643554687500000000e-01
4.726562500000000000e-01
4.877929687500000000e-01
4.726562500000000000e-01
5.053710937500000000e-01
4.638671875000000000e-01
4.580078125000000000e-01
4.931640625000000000e-01
5.009765625000000000e-01
4.819335937500000000e-01
4.780273437500000000e-01
4.746093750000000000e-01
4.785156250000000000e-01
4.892578125000000000e-01
4.770507812500000000e-01
4.702148437500000000e-01
4.770507812500000000e-01
4.926757812500000000e-01
4.975585937500000000e-01
4.960937500000000000e-01
4.907226562500000000e-01
4.916992187500000000e-01
4.667968750000000000e-01
5.166015625000000000e-01
5.078125000000000000e-01
4.829101562500000000e-01
5.380859375000000000e-01
4.902343750000000000e-01
4.970703125000000000e-01
5.170898437500000000e-01
5.092773437500000000e-01
4.985351562500000000e-01
4.545898437500000000e-01
5.034179687500000000e-01
4.829101562500000000e-01
4.726562500000000000e-01
5.000000000000000000e-01
5.083007812500000000e-01
4.960937500000000000e-01
5.034179687500000000e-01
5.244140625000000000e-01
4.863281250000000000e-01
5.048828125000000000e-01
5.122070312500000000e-01
5.224609375000000000e-01
4.946289062500000000e-01
4.882812500000000000e-01
5.019531250000000000e-01
5.332031250000000000e-01
5.312500000000000000e-01
4.931640625000000000e-01
5.161132812500000000e-01
4.990234375000000000e-01
5.297851562500000000e-01
5.336914062500000000e-01
5.092773437500000000e-01
4.975585937500000000e-01
5.312500000000000000e-01
4.960937500000000000e-01
4.838867187500000000e-01
5.141601562500000000e-01
5.209960937500000000e-01
5.068359375000000000e-01
5.053710937500000000e-01
5.112304687500000000e-01
5.239257812500000000e-01
5.229492187500000000e-01
5.195312500000000000e-01
5.488281250000000000e-01
5.498046875000000000e-01
5.302734375000000000e-01
5.190429687500000000e-01
5.224609375000000000e-01
5.219726562500000000e-01
5.258789062500000000e-01
5.058593750000000000e-01
5.312500000000000000e-01
5.371093750000000000e-01
5.253906250000000000e-01
5.590820312500000000e-01
5.336914062500000000e-01
5.366210937500000000e-01
5.415039062500000000e-01
5.307617187500000000e-01
5.244140625000000000e-01
5.356445312500000000e-01
5.195312500000000000e-01
5.102539062500000000e-01
5.507812500000000000e-01
5.434570312500000000e-01
5.634765625000000000e-01
5.595703125000000000e-01
5.209960937500000000e-01
5.156250000000000000e-01
5.400390625000000000e-01
5.834960937500000000e-01
5.654296875000000000e-01
5.659179687500000000e-01
5.102539062500000000e-01
5.659179687500000000e-01
5.908203125000000000e-01
5.351562500000000000e-01
5.410156250000000000e-01
5.405273437500000000e-01
5.571289062500000000e-01
5.273437500000000000e-01
5.268554687500000000e-01
5.649414062500000000e-01
5.336914062500000000e-01
5.161132812500000000e-01
5.600585937500000000e-01
5.122070312500000000e-01
5.268554687500000000e-01
5.424804687500000000e-01
5.708007812500000000e-01
5.209960937500000000e-01
5.332031250000000000e-01
5.551757812500000000e-01
5.307617187500000000e-01
5.385742187500000000e-01
5.493164062500000000e-01
5.336914062500000000e-01
5.302734375000000000e-01
5.180664062500000000e-01
5.390625000000000000e-01
5.644531250000000000e-01
5.483398437500000000e-01
5.590820312500000000e-01
5.664062500000000000e-01
5.566406250000000000e-01
5.312500000000000000e-01
5.317382812500000000e-01
5.083007812500000000e-01
5.463867187500000000e-01
5.424804687500000000e-01
5.908203125000000000e-01
5.449218750000000000e-01
5.366210937500000000e-01
5.585937500000000000e-01
5.644531250000000000e-01
5.737304687500000000e-01
5.517578125000000000e-01
5.146484375000000000e-01
5.502929687500000000e-01
5.517578125000000000e-01
5.146484375000000000e-01
5.493164062500000000e-01
5.556640625000000000e-01
5.566406250000000000e-01
5.483398437500000000e-01
5.429687500000000000e-01
5.229492187500000000e-01
5.473632812500000000e-01
5.468750000000000000e-01
5.292968750000000000e-01
5.634765625000000000e-01
5.190429687500000000e-01
5.151367187500000000e-01
5.102539062500000000e-01
5.190429687500000000e-01
5.361328125000000000e-01
5.502929687500000000e-01
5.410156250000000000e-01
5.268554687500000000e-01
5.312500000000000000e-01
5.659179687500000000e-01
5.385742187500000000e-01
5.468750000000000000e-01
5.380859375000000000e-01
5.244140625000000000e-01
5.317382812500000000e-01
5.078125000000000000e-01
5.292968750000000000e-01
5.219726562500000000e-01
5.429687500000000000e-01
5.380859375000000000e-01
5.209960937500000000e-01
5.039062500000000000e-01
5.004882812500000000e-01
5.063476562500000000e-01
5.415039062500000000e-01
5.249023437500000000e-01
5.156250000000000000e-01
5.307617187500000000e-01
5.024414062500000000e-01
5.341796875000000000e-01
5.434570312500000000e-01
5.131835937500000000e-01
5.371093750000000000e-01
5.317382812500000000e-01
4.853515625000000000e-01
5.205078125000000000e-01
5.195312500000000000e-01
5.273437500000000000e-01
5.195312500000000000e-01
5.141601562500000000e-01
5.253906250000000000e-01
5.112304687500000000e-01
5.175781250000000000e-01
5.043945312500000000e-01
5.146484375000000000e-01
4.995117187500000000e-01
5.214843750000000000e-01
4.980468750000000000e-01
5.180664062500000000e-01
5.209960937500000000e-01
5.327148437500000000e-01
4.814453125000000000e-01
5.097656250000000000e-01
4.843750000000000000e-01
5.170898437500000000e-01
4.916992187500000000e-01
4.877929687500000000e-01
4.990234375000000000e-01
5.083007812500000000e-01
4.941406250000000000e-01
4.877929687500000000e-01
4.985351562500000000e-01
5.278320312500000000e-01
4.838867187500000000e-01
5.112304687500000000e-01
5.112304687500000000e-01
4.912109375000000000e-01
4.902343750000000000e-01
4.658203125000000000e-01
4.702148437500000000e-01
4.985351562500000000e-01
5.068359375000000000e-01
5.004882812500000000e-01
5.068359375000000000e-01
4.785156250000000000e-01
5.126953125000000000e-01
5.029296875000000000e-01
4.975585937500000000e-01
4.799804687500000000e-01
4.794921875000000000e-01
5.078125000000000000e-01
4.902343750000000000e-01
4.877929687500000000e-01
4.785156250000000000e-01
4.887695312500000000e-01
4.750976562500000000e-01
4.892578125000000000e-01
4.970703125000000000e-01
4.956054687500000000e-01
5.146484375000000000e-01
4.814453125000000000e-01
4.765625000000000000e-01
5.004882812500000000e-01
4.887695312500000000e-01
4.912109375000000000e-01
4.873046875000000000e-01
4.965820312500000000e-01
4.941406250000000000e-01
4.965820312500000000e-01
4.604492187500000000e-01
4.794921875000000000e-01
4.941406250000000000e-01
4.941406250000000000e-01
4.931640625000000000e-01
4.755859375000000000e-01
5.126953125000000000e-01
5.297851562500000000e-01
5.195312500000000000e-01
4.975585937500000000e-01
5.102539062500000000e-01
4.912109375000000000e-01
5.000000000000000000e-01
5.166015625000000000e-01
4.692382812500000000e-01
4.897460937500000000e-01
4.848632812500000000e-01
4.956054687500000000e-01
4.858398437500000000e-01
4.853515625000000000e-01
4.941406250000000000e-01
5.156250000000000000e-01
5.117187500000000000e-01
5.219726562500000000e-01
4.951171875000000000e-01
4.809570312500000000e-01
4.995117187500000000e-01
5.087890625000000000e-01
5.073242187500000000e-01
5.253906250000000000e-01
4.819335937500000000e-01
5.126953125000000000e-01
5.385742187500000000e-01
5.292968750000000000e-01
5.366210937500000000e-01
5.034179687500000000e-01
4.868164062500000000e-01
5.141601562500000000e-01
4.960937500000000000e-01
5.327148437500000000e-01
5.087890625000000000e-01
5.083007812500000000e-01
5.146484375000000000e-01
5.180664062500000000e-01
5.043945312500000000e-01
5.200195312500000000e-01
5.292968750000000000e-01
5.239257812500000000e-01
4.985351562500000000e-01
5.268554687500000000e-01
5.102539062500000000e-01
4.975585937500000000e-01
5.024414062500000000e-01
5.166015625000000000e-01
5.141601562500000000e-01
5.263671875000000000e-01
4.926757812500000000e-01
5.151367187500000000e-01
4.970703125000000000e-01
5.297851562500000000e-01
5.219726562500000000e-01
5.209960937500000000e-01
5.336914062500000000e-01
5.141601562500000000e-01
5.058593750000000000e-01
5.375976562500000000e-01
5.444335937500000000e-01
5.395507812500000000e-01
4.970703125000000000e-01
5.434570312500000000e-01
5.224609375000000000e-01
5.371093750000000000e-01
5.312500000000000000e-01
5.146484375000000000e-01
5.166015625000000000e-01
5.351562500000000000e-01
5.278320312500000000e-01
5.541992187500000000e-01
5.253906250000000000e-01
5.214843750000000000e-01
5.195312500000000000e-01
5.502929687500000000e-01
5.551757812500000000e-01
5.336914062500000000e-01
5.346679687500000000e-01
5.581054687500000000e-01
5.390625000000000000e-01
5.385742187500000000e-01
5.302734375000000000e-01
5.297851562500000000e-01
5.742187500000000000e-01
5.444335937500000000e-01
5.122070312500000000e-01
5.341796875000000000e-01
5.292968750000000000e-01
5.639648437500000000e-01
5.322265625000000000e-01
5.239257812500000000e-01
5.327148437500000000e-01
5.429687500000000000e-01
5.239257812500000000e-01
5.522460937500000000e-01
5.478515625000000000e-01
5.112304687500000000e-01
5.512695312500000000e-01
5.244140625000000000e-01
5.561523437500000000e-01
5.249023437500000000e-01
5.498046875000000000e-01
5.434570312500000000e-01
5.356445312500000000e-01
5.444335937500000000e-01
5.541992187500000000e-01
5.283203125000000000e-01
5.356445312500000000e-01
5.249023437500000000e-01
5.336914062500000000e-01
5.571289062500000000e-01
5.312500000000000000e-01
5.219726562500000000e-01
5.517578125000000000e-01
5.234375000000000000e-01
5.498046875000000000e-01
5.483398437500000000e-01
5.229492187500000000e-01
5.229492187500000000e-01
5.356445312500000000e-01
5.483398437500000000e-01
5.156250000000000000e-01
5.117187500000000000e-01
5.249023437500000000e-01
5.322265625000000000e-01
5.556640625000000000e-01
5.209960937500000000e-01
5.449218750000000000e-01
5.317382812500000000e-01
5.356445312500000000e-01
5.283203125000000000e-01
5.488281250000000000e-01
5.244140625000000000e-01
5.522460937500000000e-01
5.244140625000000000e-01
5.249023437500000000e-01
5.351562500000000000e-01
5.449218750000000000e-01
5.473632812500000000e-01
5.332031250000000000e-01
5.590820312500000000e-01
5.449218750000000000e-01
5.244140625000000000e-01
5.288085937500000000e-01
5.341796875000000000e-01
5.122070312500000000e-01
5.180664062500000000e-01
5.161132812500000000e-01
5.258789062500000000e-01
5.180664062500000000e-01
5.673828125000000000e-01
5.415039062500000000e-01
5.366210937500000000e-01
5.239257812500000000e-01
5.170898437500000000e-01
5.058593750000000000e-01
5.336914062500000000e-01
5.473632812500000000e-01
5.444335937500000000e-01
5.229492187500000000e-01
5.278320312500000000e-01
5.117187500000000000e-01
5.341796875000000000e-01
5.102539062500000000e-01
5.371093750000000000e-01
5.195312500000000000e-01
5.278320312500000000e-01
5.136718750000000000e-01
5.224609375000000000e-01
5.200195312500000000e-01
4.750976562500000000e-01
5.380859375000000000e-01
5.273437500000000000e-01
5.019531250000000000e-01
5.644531250000000000e-01
5.009765625000000000e-01
5.014648437500000000e-01
5.517578125000000000e-01
4.853515625000000000e-01
5.541992187500000000e-01
4.780273437500000000e-01
4.951171875000000000e-01
5.156250000000000000e-01
5.014648437500000000e-01
5.117187500000000000e-01
5.019531250000000000e-01
5.053710937500000000e-01
5.039062500000000000e-01
5.063476562500000000e-01
4.956054687500000000e-01
4.970703125000000000e-01
5.043945312500000000e-01
5.043945312500000000e-01
4.931640625000000000e-01
5.146484375000000000e-01
4.902343750000000000e-01
4.794921875000000000e-01
5.283203125000000000e-01
5.434570312500000000e-01
4.970703125000000000e-01
5.053710937500000000e-01
5.102539062500000000e-01
4.868164062500000000e-01
5.063476562500000000e-01
4.990234375000000000e-01
4.956054687500000000e-01
4.707031250000000000e-01
5.283203125000000000e-01
5.014648437500000000e-01
4.960937500000000000e-01
4.868164062500000000e-01
5.097656250000000000e-01
4.960937500000000000e-01
4.980468750000000000e-01
4.873046875000000000e-01
4.902343750000000000e-01
4.916992187500000000e-01
4.775390625000000000e-01
5.073242187500000000e-01
4.887695312500000000e-01
4.599609375000000000e-01
4.838867187500000000e-01
5.009765625000000000e-01
5.102539062500000000e-01
4.980468750000000000e-01
4.956054687500000000e-01
4.628906250000000000e-01
4.814453125000000000e-01
4.887695312500000000e-01
4.780273437500000000e-01
4.838867187500000000e-01
4.848632812500000000e-01
4.833984375000000000e-01
4.750976562500000000e-01
4.990234375000000000e-01
4.799804687500000000e-01
5.039062500000000000e-01
5.097656250000000000e-01
4.760742187500000000e-01
4.882812500000000000e-01
4.663085937500000000e-01
4.804687500000000000e-01
5.122070312500000000e-01
4.960937500000000000e-01
4.882812500000000000e-01
4.604492187500000000e-01
5.253906250000000000e-01
4.970703125000000000e-01
4.887695312500000000e-01
5.209960937500000000e-01
4.868164062500000000e-01
5.063476562500000000e-01
5.131835937500000000e-01
4.892578125000000000e-01
4.707031250000000000e-01
5.185546875000000000e-01
5.214843750000000000e-01
5.161132812500000000e-01
4.936523437500000000e-01
4.702148437500000000e-01
4.995117187500000000e-01
4.907226562500000000e-01
5.268554687500000000e-01
4.882812500000000000e-01
4.985351562500000000e-01
5.058593750000000000e-01
5.195312500000000000e-01
4.877929687500000000e-01
5.107421875000000000e-01
5.117187500000000000e-01
4.741210937500000000e-01
5.146484375000000000e-01
4.848632812500000000e-01
5.009765625000000000e-01
5.161132812500000000e-01
4.882812500000000000e-01
5.014648437500000000e-01
5.029296875000000000e-01
5.019531250000000000e-01
4.916992187500000000e-01
4.882812500000000000e-01
5.224609375000000000e-01
4.985351562500000000e-01
4.902343750000000000e-01
5.166015625000000000e-01
4.980468750000000000e-01
4.868164062500000000e-01
5.346679687500000000e-01
5.322265625000000000e-01
5.102539062500000000e-01
5.258789062500000000e-01
5.268554687500000000e-01
5.258789062500000000e-01
4.990234375000000000e-01
5.151367187500000000e-01
5.141601562500000000e-01
5.058593750000000000e-01
5.117187500000000000e-01
5.068359375000000000e-01
5.058593750000000000e-01
5.268554687500000000e-01
5.302734375000000000e-01
5.380859375000000000e-01
5.166015625000000000e-01
5.175781250000000000e-01
5.166015625000000000e-01
5.234375000000000000e-01
5.317382812500000000e-01
5.205078125000000000e-01
5.195312500000000000e-01
5.195312500000000000e-01
4.956054687500000000e-01
4.931640625000000000e-01
5.205078125000000000e-01
5.385742187500000000e-01
5.356445312500000000e-01
5.063476562500000000e-01
5.336914062500000000e-01
5.136718750000000000e-01
5.268554687500000000e-01
5.561523437500000000e-01
5.180664062500000000e-01
5.424804687500000000e-01
5.375976562500000000e-01
5.141601562500000000e-01
5.351562500000000000e-01
5.053710937500000000e-01
5.371093750000000000e-01
5.532226562500000000e-01
5.224609375000000000e-01
5.166015625000000000e-01
5.380859375000000000e-01
5.410156250000000000e-01
5.473632812500000000e-01
5.205078125000000000e-01
5.527343750000000000e-01
5.527343750000000000e-01
5.249023437500000000e-01
5.224609375000000000e-01
5.322265625000000000e-01
5.327148437500000000e-01
5.449218750000000000e-01
5.161132812500000000e-01
5.263671875000000000e-01
5.551757812500000000e-01
5.781250000000000000e-01
5.346679687500000000e-01
5.302734375000000000e-01
5.625000000000000000e-01
5.458984375000000000e-01
5.473632812500000000e-01
5.639648437500000000e-01
5.312500000000000000e-01
5.434570312500000000e-01
5.502929687500000000e-01
5.395507812500000000e-01
5.576171875000000000e-01
5.605468750000000000e-01
5.493164062500000000e-01
5.561523437500000000e-01
5.322265625000000000e-01
5.170898437500000000e-01
5.590820312500000000e-01
5.463867187500000000e-01
5.415039062500000000e-01
5.498046875000000000e-01
5.849609375000000000e-01
5.366210937500000000e-01
5.693359375000000000e-01
5.600585937500000000e-01
5.546875000000000000e-01
5.737304687500000000e-01
5.454101562500000000e-01
5.673828125000000000e-01
5.405273437500000000e-01
5.527343750000000000e-01
5.332031250000000000e-01
5.400390625000000000e-01
5.405273437500000000e-01
5.302734375000000000e-01
5.546875000000000000e-01
5.498046875000000000e-01
5.175781250000000000e-01
5.507812500000000000e-01
5.385742187500000000e-01
5.673828125000000000e-01
5.224609375000000000e-01
5.805664062500000000e-01
5.502929687500000000e-01
5.273437500000000000e-01
5.117187500000000000e-01
5.683593750000000000e-01
5.395507812500000000e-01
5.498046875000000000e-01
5.361328125000000000e-01
5.639648437500000000e-01
5.371093750000000000e-01
5.463867187500000000e-01
5.146484375000000000e-01
5.488281250000000000e-01
5.590820312500000000e-01
5.590820312500000000e-01
5.107421875000000000e-01
5.249023437500000000e-01
5.708007812500000000e-01
5.170898437500000000e-01
5.375976562500000000e-01
5.229492187500000000e-01
5.263671875000000000e-01
5.473632812500000000e-01
5.537109375000000000e-01
5.556640625000000000e-01
5.610351562500000000e-01
5.419921875000000000e-01
5.390625000000000000e-01
5.268554687500000000e-01
5.644531250000000000e-01
5.356445312500000000e-01
5.483398437500000000e-01
5.659179687500000000e-01
5.239257812500000000e-01
5.537109375000000000e-01
5.761718750000000000e-01
5.434570312500000000e-01
5.644531250000000000e-01
5.639648437500000000e-01
5.654296875000000000e-01
5.322265625000000000e-01
5.322265625000000000e-01
5.312500000000000000e-01
5.200195312500000000e-01
5.219726562500000000e-01
5.336914062500000000e-01
5.371093750000000000e-01
4.980468750000000000e-01
5.058593750000000000e-01
4.848632812500000000e-01
4.980468750000000000e-01
5.039062500000000000e-01
5.234375000000000000e-01
5.000000000000000000e-01
5.034179687500000000e-01
5.341796875000000000e-01
4.863281250000000000e-01
4.858398437500000000e-01
4.892578125000000000e-01
5.258789062500000000e-01
5.161132812500000000e-01
5.107421875000000000e-01
5.244140625000000000e-01
5.361328125000000000e-01
5.058593750000000000e-01
5.292968750000000000e-01
5.429687500000000000e-01
5.463867187500000000e-01
5.151367187500000000e-01
5.351562500000000000e-01
5.400390625000000000e-01
5.561523437500000000e-01
5.097656250000000000e-01
5.463867187500000000e-01
5.341796875000000000e-01
5.683593750000000000e-01
5.576171875000000000e-01
5.581054687500000000e-01
5.512695312500000000e-01
5.209960937500000000e-01
5.468750000000000000e-01
5.532226562500000000e-01
5.566406250000000000e-01
5.478515625000000000e-01
5.537109375000000000e-01
5.605468750000000000e-01
5.429687500000000000e-01
5.112304687500000000e-01
0.000000000000000000e+00
0.000000000000000000e+00
0.000000000000000000e+00
0.000000000000000000e+00
0.000000000000000000e+00
0.000000000000000000e+00
0.000000000000000000e+00
0.000000000000000000e+00
0.000000000000000000e+00
0.000000000000000000e+00
0.000000000000000000e+00
0.000000000000000000e+00
0.000000000000000000e+00
0.000000000000000000e+00
0.000000000000000000e+00
0.000000000000000000e+00
0.000000000000000000e+00
0.000000000000000000e+00
0.000000000000000000e+00
0.000000000000000000e+00
0.000000000000000000e+00
0.000000000000000000e+00
0.000000000000000000e+00
0.000000000000000000e+00
0.000000000000000000e+00
