2.073786453982379374e+00
2.098183754612784391e+00
2.099168560318529497e+00
2.093895262429541049e+00
2.089659518449195730e+00
2.081051271615232068e+00
2.107067127266228468e+00
2.072817821162661112e+00
2.069116036414466286e+00
2.055423906156903513e+00
2.058047958526950438e+00
2.066083281224921020e+00
2.113493931732132847e+00
2.098437929168591065e+00
2.076974981971380085e+00
2.075351594753997997e+00
2.068660773291296273e+00
2.078083839418340961e+00
2.098073644310511909e+00
2.074738288621326365e+00
2.054417248720235900e+00
2.087206590487611813e+00
2.078275916639037657e+00
2.066868033274945393e+00
2.060100082610611949e+00
2.085313099639796164e+00
2.087150849475024383e+00
2.090046493412665018e+00
2.095596253382182805e+00
2.105685374226642814e+00
2.086826881051628835e+00
2.113589963118432280e+00
2.076668737285717103e+00
2.096385797208204504e+00
2.081000909078823735e+00
2.069526892051384070e+00
2.050470020623046175e+00
2.088580316528879877e+00
2.080498226271819462e+00
2.051640142278102541e+00
2.075238664427964785e+00
2.080504983026780330e+00
2.057021424498703510e+00
2.087643008527551469e+00
2.102583081965072154e+00
2.059596828964980197e+00
2.081984198103827399e+00
2.054209873485748794e+00
2.071321308427892305e+00
2.063103258543384833e+00
2.065185386589817096e+00
2.060185991276560102e+00
2.117272982779786261e+00
2.086246497348426043e+00
2.090926185233326962e+00
2.072025572278918037e+00
2.125699389133470785e+00
2.084864365829813160e+00
2.093921777669755180e+00
2.080481717411008180e+00
2.102393376605544262e+00
2.067608391434610393e+00
2.073452392614498319e+00
2.080670097969842924e+00
