2.087233546414847929e+00
2.083344614107942139e+00
2.071838045347749180e+00
2.083594213538348061e+00
2.058963883515228410e+00
2.101572619591766333e+00
2.066290947445681425e+00
2.120150202406131168e+00
2.102048915263051931e+00
2.045162260538183840e+00
2.091513888938801191e+00
2.129358140633187180e+00
2.041989515516124065e+00
2.123913963661349324e+00
2.064055686375423360e+00
2.054371154301751989e+00
2.065474546973767200e+00
2.057499802536290723e+00
2.073102707599060679e+00
2.095432977050108114e+00
2.055367707150632661e+00
2.094098893242160475e+00
2.059169546658479621e+00
2.109830747593281597e+00
2.087167675220647833e+00
2.085597453881755659e+00
2.087092502859306364e+00
2.080551196945626291e+00
2.064733724403736925e+00
2.064096634854586387e+00
2.068489858172157358e+00
2.130239429286263864e+00
2.063141929203544223e+00
2.058525488344739252e+00
2.099263058479107436e+00
2.064288990559374870e+00
2.082046536723400010e+00
2.081772242764281966e+00
2.094363335966088258e+00
2.071090634861049384e+00
2.050496644836180771e+00
2.086449667223940097e+00
2.065918010983032183e+00
2.067089752656831703e+00
2.076288054863925758e+00
2.072460621593049446e+00
2.064237737553769492e+00
2.079317697357372374e+00
2.053213629264761142e+00
2.066467432780815905e+00
2.099464700558451025e+00
2.089591847540275271e+00
2.048532498693545811e+00
2.082972572108085618e+00
2.045050120392170712e+00
2.098231833069513996e+00
2.066881790295519661e+00
2.078416368506212475e+00
2.092586698356529773e+00
2.103844877340963482e+00
2.093396294034544081e+00
2.050422268892894806e+00
2.067491157224241149e+00
2.091851495752162560e+00
