2.106568040764002170e+00
2.071737628330375003e+00
2.082465735573942212e+00
2.097142475313656718e+00
2.043719206393777466e+00
2.060310866419460929e+00
2.064668440343388589e+00
2.092736742103825875e+00
2.133934893886450190e+00
2.072786552892394329e+00
2.062477411374342484e+00
2.082137273215302287e+00
2.098938949927173336e+00
2.096102862356030272e+00
2.068470291574685316e+00
2.067831726365080947e+00
2.101013512728007626e+00
2.095812611817504667e+00
2.086674695629912257e+00
2.063643280169333849e+00
2.079285335611337882e+00
2.121610860834920231e+00
2.075357298359914449e+00
2.065925079343516213e+00
2.068780774884493745e+00
2.085373759896444135e+00
2.129735244803922178e+00
2.065080118165852685e+00
2.092902851012754972e+00
2.071002462100205221e+00
2.082586938231726137e+00
2.144063893212479588e+00
2.072661737869266219e+00
2.060169521360313283e+00
2.093186663427732075e+00
2.097736794161590534e+00
2.078605143605931183e+00
2.065627167376562934e+00
2.081302211840241778e+00
2.096182749469534645e+00
2.070416991837658038e+00
2.079890148472733458e+00
2.076316867481855954e+00
2.064500098052535648e+00
2.074576435682669473e+00
2.070855724102286022e+00
2.088494675415849766e+00
2.105684993293130081e+00
2.072830649515216006e+00
2.121193095819328356e+00
2.091144688311471711e+00
2.122034485382586766e+00
2.098689790619221007e+00
2.081302686370252619e+00
2.082695869233666119e+00
2.082605713098700573e+00
2.068755132236058891e+00
2.067009665709011568e+00
2.105540632418469116e+00
2.095999155234836930e+00
2.079308766287796928e+00
2.091947447305461338e+00
2.090020156281332309e+00
2.096723292224610624e+00
