2.152386629611735991e+00
2.137998697744754040e+00
2.160287505407375352e+00
2.126418114607258492e+00
2.138231488129530788e+00
2.145459991359951246e+00
2.158809358197840478e+00
2.131895359369370802e+00
2.136098532712989773e+00
2.161761212411649424e+00
2.150171318125885467e+00
2.142084506565388846e+00
2.165333714318367520e+00
2.177912648757112102e+00
2.157926038459877294e+00
2.139268474495839456e+00
2.131589970939252066e+00
2.146946926018849400e+00
2.138245390581427152e+00
2.155554138897322058e+00
2.147880540886031309e+00
2.147835493673359686e+00
2.125270923897327080e+00
2.154731274553791209e+00
2.152000056600529732e+00
2.146636975811941905e+00
2.146393812007537871e+00
2.138876759240655900e+00
2.151304373821735894e+00
2.125935144188115355e+00
2.144630064180942597e+00
2.150265477681983839e+00
2.145510267241224511e+00
2.151275262438800517e+00
2.134916506433789163e+00
2.161861727729664562e+00
2.143809429011691137e+00
2.145501199014536731e+00
2.162505602947139671e+00
2.150467431420904685e+00
2.166309047565524448e+00
2.133573920421439230e+00
2.141734130692230842e+00
2.144352214835626658e+00
2.151088691276908271e+00
2.150162342341836119e+00
2.155991281306103957e+00
2.158073305108703988e+00
2.147099393337770223e+00
2.153112724837400904e+00
2.136197014448602438e+00
2.148127196933593552e+00
2.154563883789084144e+00
2.167878444851893516e+00
2.142598375126283816e+00
2.138455988166671595e+00
2.162387738903599477e+00
2.144490364238905489e+00
2.157210583353031730e+00
2.146990816489235065e+00
2.154023357210393730e+00
2.145418694526020076e+00
2.160404526803789249e+00
2.168355153466216656e+00
