0.000000000000000000e+00
0.000000000000000000e+00
0.000000000000000000e+00
0.000000000000000000e+00
0.000000000000000000e+00
0.000000000000000000e+00
0.000000000000000000e+00
0.000000000000000000e+00
0.000000000000000000e+00
0.000000000000000000e+00
0.000000000000000000e+00
0.000000000000000000e+00
0.000000000000000000e+00
0.000000000000000000e+00
0.000000000000000000e+00
0.000000000000000000e+00
0.000000000000000000e+00
0.000000000000000000e+00
0.000000000000000000e+00
0.000000000000000000e+00
0.000000000000000000e+00
0.000000000000000000e+00
0.000000000000000000e+00
0.000000000000000000e+00
0.000000000000000000e+00
1.072265624999999972e-01
1.060546874999999944e-01
1.048828125000000056e-01
1.125000000000000028e-01
1.048828125000000056e-01
1.265624999999999944e-01
1.259765625000000000e-01
1.125000000000000028e-01
1.365234375000000111e-01
1.409179687500000111e-01
1.485351562499999944e-01
1.417968749999999889e-01
1.535156249999999889e-01
1.517578125000000056e-01
1.593749999999999889e-01
1.795898437500000056e-01
1.708007812500000056e-01
1.746093750000000111e-01
1.787109375000000000e-01
1.854492187500000056e-01
1.866210937499999944e-01
1.898437500000000056e-01
1.857421874999999889e-01
1.954101562499999944e-01
1.971679687500000056e-01
2.027343749999999944e-01
2.080078125000000000e-01
2.059570312500000056e-01
2.129882812499999944e-01
2.182617187500000000e-01
2.191406250000000056e-01
2.223632812499999889e-01
2.211914062500000000e-01
2.332031250000000111e-01
2.460937500000000000e-01
2.452148437499999944e-01
2.422851562499999944e-01
2.460937500000000000e-01
2.581054687500000111e-01
2.519531250000000000e-01
2.449218750000000111e-01
2.589843749999999889e-01
2.598632812500000222e-01
2.844726562500000111e-01
2.742187500000000111e-01
2.756835937500000111e-01
2.721679687499999889e-01
2.797851562500000000e-01
2.739257812500000000e-01
2.871093750000000000e-01
2.935546875000000222e-01
3.026367187499999778e-01
2.979492187500000222e-01
2.932617187500000111e-01
3.064453125000000111e-01
2.935546875000000222e-01
3.161132812499999889e-01
3.096679687500000222e-01
3.137695312500000111e-01
3.008789062500000222e-01
3.181640625000000111e-01
2.961914062500000111e-01
3.149414062500000000e-01
3.181640625000000111e-01
3.096679687500000222e-01
3.413085937500000000e-01
3.120117187500000000e-01
3.354492187500000000e-01
3.366210937499999889e-01
3.474609375000000111e-01
3.348632812499999778e-01
3.357421875000000111e-01
3.498046874999999889e-01
3.287109375000000222e-01
3.427734375000000000e-01
3.369140625000000000e-01
3.477539062500000222e-01
3.506835937500000222e-01
3.369140625000000000e-01
3.474609375000000111e-01
3.471679687500000000e-01
3.544921875000000000e-01
3.591796875000000111e-01
3.726562500000000222e-01
3.626953124999999778e-01
3.413085937500000000e-01
3.624023437500000222e-01
3.465820312499999778e-01
3.791015624999999889e-01
3.773437499999999778e-01
3.524414062499999778e-01
3.588867187500000000e-01
3.679687500000000111e-01
3.785156250000000222e-01
3.908203124999999889e-01
3.506835937500000222e-01
3.764648437500000000e-01
3.802734374999999778e-01
3.688476562499999889e-01
3.791015624999999889e-01
3.547851562500000111e-01
3.832031249999999778e-01
3.752929687500000111e-01
3.665039062500000111e-01
3.527343749999999889e-01
3.864257812499999889e-01
3.580078125000000222e-01
3.615234374999999889e-01
3.773437499999999778e-01
3.621093750000000111e-01
3.796875000000000111e-01
3.694335937500000111e-01
3.761718749999999889e-01
3.796875000000000111e-01
3.823242187500000000e-01
3.896484375000000000e-01
3.758789062499999778e-01
3.785156250000000222e-01
3.735351562500000000e-01
3.884765625000000111e-01
3.928710937500000111e-01
3.916992187500000222e-01
3.770507812500000222e-01
3.761718749999999889e-01
3.714843749999999778e-01
3.761718749999999889e-01
3.626953124999999778e-01
3.861328124999999778e-01
3.720703125000000000e-01
3.875976562499999778e-01
3.793945312500000000e-01
3.536132812500000222e-01
3.829101562500000222e-01
3.881835937500000000e-01
3.817382812499999778e-01
3.832031249999999778e-01
3.779296875000000000e-01
3.808593750000000000e-01
3.580078125000000222e-01
3.659179687499999889e-01
3.662109375000000000e-01
3.837890625000000000e-01
3.750000000000000000e-01
3.656249999999999778e-01
3.711914062500000222e-01
3.574218750000000000e-01
3.834960937499999889e-01
3.577148437500000111e-01
3.732421874999999889e-01
3.372070312500000111e-01
3.708984375000000111e-01
3.867187500000000000e-01
3.612304687499999778e-01
3.700195312499999778e-01
3.562500000000000111e-01
3.594726562500000222e-01
3.477539062500000222e-01
3.732421874999999889e-01
3.530273437500000000e-01
3.541992187499999889e-01
3.653320312500000222e-01
3.679687500000000111e-01
3.697265625000000222e-01
3.495117187499999778e-01
3.577148437500000111e-01
3.503906250000000111e-01
3.688476562499999889e-01
3.254882812500000111e-01
3.524414062499999778e-01
3.518554687500000111e-01
3.495117187499999778e-01
3.541992187499999889e-01
3.380859374999999889e-01
3.418945312500000222e-01
3.380859374999999889e-01
3.377929687499999778e-01
3.673828124999999889e-01
3.474609375000000111e-01
3.287109375000000222e-01
3.418945312500000222e-01
3.348632812499999778e-01
3.298828125000000111e-01
3.243164062500000222e-01
3.140625000000000222e-01
3.295898437500000000e-01
3.240234375000000111e-01
3.251953125000000000e-01
3.161132812499999889e-01
3.477539062500000222e-01
3.295898437500000000e-01
3.369140625000000000e-01
3.316406250000000222e-01
3.152343750000000111e-01
3.067382812500000222e-01
3.108398437500000111e-01
3.290039062499999778e-01
3.032226562500000000e-01
2.979492187500000222e-01
3.046875000000000000e-01
3.070312499999999778e-01
3.143554687499999778e-01
3.073242187499999889e-01
3.125976562500000222e-01
2.920898437500000222e-01
3.102539062499999889e-01
3.038085937500000222e-01
2.856445312500000000e-01
3.114257812499999778e-01
3.114257812499999778e-01
2.944335937500000000e-01
3.087890624999999889e-01
2.935546875000000222e-01
2.967773437499999778e-01
3.052734375000000222e-01
2.938476562499999778e-01
2.789062500000000222e-01
2.909179687499999778e-01
2.915039062500000000e-01
2.906250000000000222e-01
2.935546875000000222e-01
2.876953125000000222e-01
2.964843750000000222e-01
2.888671875000000111e-01
3.017578125000000000e-01
3.102539062499999889e-01
2.806640624999999778e-01
2.871093750000000000e-01
2.926757812499999889e-01
2.745117187500000222e-01
2.853515624999999889e-01
2.827148437500000000e-01
2.885742187500000000e-01
2.956054687499999889e-01
2.953124999999999778e-01
2.789062500000000222e-01
2.841796875000000000e-01
2.742187500000000111e-01
2.929687500000000000e-01
2.882812499999999889e-01
2.859375000000000111e-01
2.950195312500000222e-01
2.853515624999999889e-01
2.721679687499999889e-01
2.932617187500000111e-01
2.821289062499999778e-01
2.742187500000000111e-01
2.683593750000000111e-01
2.824218749999999889e-01
2.750976562499999889e-01
2.774414062500000222e-01
2.935546875000000222e-01
2.797851562500000000e-01
2.803710937500000222e-01
3.002929687500000000e-01
2.935546875000000222e-01
2.721679687499999889e-01
3.055664062499999778e-01
3.082031250000000222e-01
2.750976562499999889e-01
2.827148437500000000e-01
2.941406249999999889e-01
2.838867187499999889e-01
2.815429687500000111e-01
3.023437500000000222e-01
2.715820312500000222e-01
2.879882812499999778e-01
2.985351562499999889e-01
2.950195312500000222e-01
3.008789062500000222e-01
2.850585937499999778e-01
2.979492187500000222e-01
2.923828124999999778e-01
3.032226562500000000e-01
2.917968750000000111e-01
2.970703124999999889e-01
2.882812499999999889e-01
3.002929687500000000e-01
3.125976562500000222e-01
2.988281250000000000e-01
3.228515625000000222e-01
3.043945312499999889e-01
3.049804687500000111e-01
3.087890624999999889e-01
3.117187499999999889e-01
3.067382812500000222e-01
3.002929687500000000e-01
3.076171875000000000e-01
3.325195312500000000e-01
2.903320312500000111e-01
3.131835937499999889e-01
3.210937500000000111e-01
3.084960937499999778e-01
2.944335937500000000e-01
2.994140625000000222e-01
3.199218750000000222e-01
3.257812500000000222e-01
3.202148437499999778e-01
3.064453125000000111e-01
3.210937500000000111e-01
3.175781249999999889e-01
3.234374999999999889e-01
3.228515625000000222e-01
3.263671874999999889e-01
3.328125000000000111e-01
3.254882812500000111e-01
3.263671874999999889e-01
3.331054687500000222e-01
3.254882812500000111e-01
3.290039062499999778e-01
3.351562499999999889e-01
3.196289062500000111e-01
3.275390624999999778e-01
3.348632812499999778e-01
3.351562499999999889e-01
3.304687499999999778e-01
3.580078125000000222e-01
3.228515625000000222e-01
3.404296875000000222e-01
3.251953125000000000e-01
3.284179687500000111e-01
3.377929687499999778e-01
3.421874999999999778e-01
3.372070312500000111e-01
3.313476562500000111e-01
3.316406250000000222e-01
3.269531250000000111e-01
3.199218750000000222e-01
3.257812500000000222e-01
3.439453124999999889e-01
3.424804687499999889e-01
3.480468749999999778e-01
3.345703125000000222e-01
3.451171874999999778e-01
3.468749999999999889e-01
3.243164062500000222e-01
3.489257812500000111e-01
3.287109375000000222e-01
3.480468749999999778e-01
3.515625000000000000e-01
3.512695312499999889e-01
3.345703125000000222e-01
3.465820312499999778e-01
3.512695312499999889e-01
3.588867187500000000e-01
3.290039062499999778e-01
3.439453124999999889e-01
3.424804687499999889e-01
3.442382812500000000e-01
3.556640624999999889e-01
3.682617187500000222e-01
3.295898437500000000e-01
3.518554687500000111e-01
3.521484375000000222e-01
3.459960937500000111e-01
3.418945312500000222e-01
3.395507812499999889e-01
3.500976562500000000e-01
3.375000000000000222e-01
3.621093750000000111e-01
3.398437500000000000e-01
3.594726562500000222e-01
3.641601562499999778e-01
3.416015625000000111e-01
3.553710937499999778e-01
3.369140625000000000e-01
3.249023437499999889e-01
3.500976562500000000e-01
3.383789062500000000e-01
3.272460937500000222e-01
3.389648437500000222e-01
3.339843750000000000e-01
3.410156249999999889e-01
3.333984374999999778e-01
3.708984375000000111e-01
3.527343749999999889e-01
3.357421875000000111e-01
3.348632812499999778e-01
3.372070312500000111e-01
3.536132812500000222e-01
3.351562499999999889e-01
3.500976562500000000e-01
3.281250000000000000e-01
3.380859374999999889e-01
3.424804687499999889e-01
3.474609375000000111e-01
3.489257812500000111e-01
3.451171874999999778e-01
3.524414062499999778e-01
3.462890625000000222e-01
3.486328125000000000e-01
3.281250000000000000e-01
3.421874999999999778e-01
3.506835937500000222e-01
3.339843750000000000e-01
3.351562499999999889e-01
3.281250000000000000e-01
3.360351562500000222e-01
3.041015624999999778e-01
3.298828125000000111e-01
3.257812500000000222e-01
3.345703125000000222e-01
3.254882812500000111e-01
3.331054687500000222e-01
3.392578124999999778e-01
3.278320312499999889e-01
3.199218750000000222e-01
3.372070312500000111e-01
3.158203124999999778e-01
3.155273437500000222e-01
3.143554687499999778e-01
3.465820312499999778e-01
3.465820312499999778e-01
3.216796874999999778e-01
3.322265624999999889e-01
3.222656250000000000e-01
3.070312499999999778e-01
3.430664062500000111e-01
3.295898437500000000e-01
3.486328125000000000e-01
3.222656250000000000e-01
3.468749999999999889e-01
3.208007812500000000e-01
3.205078124999999889e-01
3.161132812499999889e-01
3.304687499999999778e-01
3.169921875000000222e-01
3.290039062499999778e-01
3.208007812500000000e-01
3.222656250000000000e-01
3.108398437500000111e-01
3.111328125000000222e-01
3.175781249999999889e-01
3.043945312499999889e-01
3.108398437500000111e-01
3.002929687500000000e-01
3.295898437500000000e-01
3.316406250000000222e-01
2.976562500000000111e-01
3.152343750000000111e-01
3.225585937500000111e-01
3.161132812499999889e-01
3.380859374999999889e-01
3.017578125000000000e-01
3.052734375000000222e-01
3.111328125000000222e-01
3.140625000000000222e-01
3.017578125000000000e-01
3.123046875000000111e-01
3.102539062499999889e-01
3.076171875000000000e-01
3.026367187499999778e-01
3.073242187499999889e-01
3.064453125000000111e-01
3.123046875000000111e-01
2.906250000000000222e-01
3.263671874999999889e-01
3.143554687499999778e-01
3.202148437499999778e-01
3.181640625000000111e-01
3.298828125000000111e-01
3.084960937499999778e-01
3.152343750000000111e-01
3.079101562500000111e-01
3.067382812500000222e-01
3.158203124999999778e-01
3.187499999999999778e-01
3.011718749999999778e-01
3.202148437499999778e-01
3.202148437499999778e-01
3.032226562500000000e-01
3.026367187499999778e-01
2.876953125000000222e-01
2.976562500000000111e-01
3.193359375000000000e-01
3.082031250000000222e-01
3.128906249999999778e-01
2.897460937499999889e-01
2.944335937500000000e-01
3.011718749999999778e-01
3.120117187500000000e-01
3.099609374999999778e-01
3.058593749999999889e-01
2.874023437500000111e-01
3.225585937500000111e-01
3.187499999999999778e-01
3.172851562499999778e-01
3.005859375000000111e-01
3.166992187500000111e-01
3.143554687499999778e-01
3.023437500000000222e-01
2.999999999999999889e-01
3.231445312499999778e-01
3.114257812499999778e-01
3.005859375000000111e-01
2.997070312499999778e-01
3.155273437500000222e-01
3.038085937500000222e-01
2.973632812500000000e-01
3.208007812500000000e-01
3.041015624999999778e-01
3.076171875000000000e-01
3.210937500000000111e-01
3.134765625000000000e-01
3.087890624999999889e-01
3.076171875000000000e-01
2.964843750000000222e-01
3.061523437500000000e-01
3.114257812499999778e-01
3.093750000000000111e-01
3.076171875000000000e-01
3.064453125000000111e-01
3.181640625000000111e-01
3.055664062499999778e-01
3.202148437499999778e-01
3.240234375000000111e-01
3.208007812500000000e-01
3.243164062500000222e-01
3.319335937499999778e-01
3.213867187500000222e-01
3.249023437499999889e-01
2.976562500000000111e-01
3.070312499999999778e-01
3.117187499999999889e-01
3.114257812499999778e-01
3.149414062500000000e-01
3.430664062500000111e-01
3.196289062500000111e-01
3.178710937500000000e-01
3.237304687500000000e-01
3.120117187500000000e-01
3.175781249999999889e-01
3.290039062499999778e-01
3.143554687499999778e-01
3.436523437499999778e-01
3.169921875000000222e-01
3.301757812500000222e-01
3.149414062500000000e-01
3.369140625000000000e-01
3.483398437499999889e-01
3.213867187500000222e-01
3.278320312499999889e-01
3.342773437500000111e-01
3.366210937499999889e-01
3.272460937500000222e-01
3.375000000000000222e-01
3.254882812500000111e-01
3.383789062500000000e-01
3.304687499999999778e-01
3.263671874999999889e-01
3.278320312499999889e-01
3.316406250000000222e-01
3.339843750000000000e-01
3.181640625000000111e-01
3.216796874999999778e-01
3.445312500000000111e-01
3.149414062500000000e-01
3.290039062499999778e-01
3.369140625000000000e-01
3.392578124999999778e-01
3.313476562500000111e-01
3.386718750000000111e-01
3.278320312499999889e-01
3.439453124999999889e-01
3.263671874999999889e-01
3.313476562500000111e-01
3.225585937500000111e-01
3.530273437500000000e-01
3.298828125000000111e-01
3.492187500000000222e-01
3.369140625000000000e-01
3.383789062500000000e-01
3.228515625000000222e-01
3.559570312500000000e-01
3.492187500000000222e-01
3.541992187499999889e-01
3.263671874999999889e-01
3.278320312499999889e-01
3.492187500000000222e-01
3.509765624999999778e-01
3.380859374999999889e-01
3.342773437500000111e-01
3.506835937500000222e-01
3.430664062500000111e-01
3.583007812499999778e-01
3.333984374999999778e-01
3.418945312500000222e-01
3.591796875000000111e-01
3.351562499999999889e-01
3.398437500000000000e-01
3.281250000000000000e-01
3.377929687499999778e-01
3.416015625000000111e-01
3.714843749999999778e-01
3.304687499999999778e-01
3.477539062500000222e-01
3.562500000000000111e-01
3.313476562500000111e-01
3.588867187500000000e-01
3.433593750000000222e-01
3.600585937499999889e-01
3.360351562500000222e-01
3.454101562499999889e-01
3.562500000000000111e-01
3.228515625000000222e-01
3.509765624999999778e-01
3.568359374999999778e-01
3.266601562500000000e-01
3.348632812499999778e-01
3.351562499999999889e-01
3.331054687500000222e-01
3.251953125000000000e-01
3.521484375000000222e-01
3.292968749999999889e-01
3.342773437500000111e-01
3.295898437500000000e-01
3.577148437500000111e-01
3.515625000000000000e-01
3.454101562499999889e-01
3.246093749999999778e-01
3.128906249999999778e-01
3.281250000000000000e-01
3.506835937500000222e-01
3.404296875000000222e-01
3.348632812499999778e-01
3.392578124999999778e-01
3.234374999999999889e-01
3.357421875000000111e-01
3.152343750000000111e-01
3.333984374999999778e-01
3.134765625000000000e-01
3.427734375000000000e-01
3.290039062499999778e-01
3.257812500000000222e-01
3.407226562499999778e-01
3.375000000000000222e-01
3.348632812499999778e-01
3.213867187500000222e-01
3.049804687500000111e-01
3.026367187499999778e-01
3.363281249999999778e-01
3.287109375000000222e-01
3.228515625000000222e-01
3.257812500000000222e-01
3.348632812499999778e-01
3.372070312500000111e-01
3.249023437499999889e-01
3.175781249999999889e-01
3.298828125000000111e-01
3.290039062499999778e-01
3.190429687499999889e-01
3.383789062500000000e-01
3.164062500000000000e-01
3.228515625000000222e-01
3.035156250000000111e-01
3.166992187500000111e-01
2.879882812499999778e-01
3.090820312500000000e-01
3.366210937499999889e-01
3.055664062499999778e-01
3.202148437499999778e-01
3.202148437499999778e-01
3.099609374999999778e-01
3.190429687499999889e-01
2.953124999999999778e-01
3.125976562500000222e-01
3.134765625000000000e-01
3.208007812500000000e-01
3.190429687499999889e-01
3.152343750000000111e-01
3.181640625000000111e-01
3.055664062499999778e-01
2.999999999999999889e-01
3.038085937500000222e-01
3.067382812500000222e-01
2.994140625000000222e-01
2.973632812500000000e-01
2.929687500000000000e-01
2.932617187500000111e-01
3.093750000000000111e-01
3.070312499999999778e-01
2.929687500000000000e-01
3.202148437499999778e-01
3.084960937499999778e-01
3.105468750000000000e-01
3.038085937500000222e-01
2.812500000000000000e-01
2.818359375000000222e-01
3.008789062500000222e-01
3.002929687500000000e-01
3.043945312499999889e-01
2.871093750000000000e-01
2.947265625000000111e-01
2.950195312500000222e-01
3.058593749999999889e-01
3.005859375000000111e-01
2.935546875000000222e-01
3.041015624999999778e-01
3.020507812500000111e-01
2.900390625000000000e-01
2.765624999999999889e-01
2.932617187500000111e-01
2.920898437500000222e-01
2.876953125000000222e-01
2.941406249999999889e-01
2.879882812499999778e-01
2.973632812500000000e-01
3.008789062500000222e-01
2.833007812500000222e-01
2.909179687499999778e-01
2.994140625000000222e-01
2.853515624999999889e-01
3.181640625000000111e-01
3.114257812499999778e-01
2.915039062500000000e-01
2.768554687500000000e-01
3.155273437500000222e-01
3.128906249999999778e-01
2.865234374999999778e-01
2.903320312500000111e-01
2.897460937499999889e-01
2.994140625000000222e-01
2.835937499999999778e-01
3.020507812500000111e-01
2.970703124999999889e-01
2.894531249999999778e-01
2.988281250000000000e-01
2.903320312500000111e-01
3.020507812500000111e-01
3.041015624999999778e-01
2.903320312500000111e-01
2.964843750000000222e-01
3.210937500000000111e-01
2.906250000000000222e-01
2.991210937500000111e-01
2.935546875000000222e-01
3.149414062500000000e-01
2.958984375000000000e-01
3.029296874999999889e-01
3.123046875000000111e-01
3.178710937500000000e-01
3.008789062500000222e-01
3.187499999999999778e-01
3.096679687500000222e-01
3.082031250000000222e-01
2.947265625000000111e-01
3.105468750000000000e-01
3.084960937499999778e-01
3.210937500000000111e-01
3.146484374999999889e-01
3.120117187500000000e-01
3.114257812499999778e-01
3.225585937500000111e-01
3.161132812499999889e-01
3.228515625000000222e-01
3.164062500000000000e-01
3.249023437499999889e-01
3.187499999999999778e-01
3.292968749999999889e-01
3.354492187500000000e-01
3.178710937500000000e-01
3.184570312500000222e-01
3.328125000000000111e-01
3.087890624999999889e-01
3.193359375000000000e-01
3.418945312500000222e-01
3.263671874999999889e-01
3.301757812500000222e-01
3.360351562500000222e-01
3.260742187499999778e-01
3.333984374999999778e-01
3.254882812500000111e-01
3.577148437500000111e-01
3.251953125000000000e-01
3.281250000000000000e-01
3.322265624999999889e-01
3.269531250000000111e-01
3.539062499999999778e-01
3.257812500000000222e-01
3.448242187500000222e-01
3.418945312500000222e-01
3.433593750000000222e-01
3.571289062499999889e-01
3.670898437499999778e-01
3.571289062499999889e-01
3.331054687500000222e-01
3.398437500000000000e-01
3.363281249999999778e-01
3.392578124999999778e-01
3.489257812500000111e-01
3.635742187500000111e-01
3.577148437500000111e-01
3.457031250000000000e-01
3.802734374999999778e-01
3.694335937500000111e-01
3.404296875000000222e-01
3.685546874999999778e-01
3.401367187500000111e-01
3.685546874999999778e-01
3.670898437499999778e-01
3.793945312500000000e-01
3.594726562500000222e-01
3.600585937499999889e-01
3.676757812500000000e-01
3.697265625000000222e-01
3.515625000000000000e-01
3.585937499999999889e-01
3.656249999999999778e-01
3.641601562499999778e-01
3.750000000000000000e-01
3.691406250000000000e-01
3.843750000000000222e-01
3.706054687500000000e-01
3.615234374999999889e-01
3.720703125000000000e-01
3.594726562500000222e-01
3.647460937500000000e-01
3.524414062499999778e-01
3.752929687500000111e-01
3.735351562500000000e-01
3.618164062500000000e-01
3.574218750000000000e-01
3.650390625000000111e-01
3.837890625000000000e-01
3.626953124999999778e-01
3.647460937500000000e-01
3.632812500000000000e-01
3.829101562500000222e-01
3.834960937499999889e-01
3.761718749999999889e-01
3.682617187500000222e-01
3.738281250000000111e-01
3.884765625000000111e-01
3.887695312500000222e-01
3.811523437500000111e-01
3.849609374999999889e-01
3.732421874999999889e-01
3.849609374999999889e-01
3.659179687499999889e-01
3.700195312499999778e-01
3.629882812499999889e-01
3.720703125000000000e-01
3.726562500000000222e-01
3.697265625000000222e-01
3.609375000000000222e-01
3.852539062500000000e-01
3.697265625000000222e-01
3.852539062500000000e-01
3.922851562499999889e-01
3.837890625000000000e-01
3.559570312500000000e-01
3.524414062499999778e-01
3.676757812500000000e-01
3.773437499999999778e-01
3.744140624999999778e-01
3.665039062500000111e-01
3.618164062500000000e-01
3.682617187500000222e-01
3.489257812500000111e-01
3.864257812499999889e-01
3.776367187499999889e-01
3.410156249999999889e-01
3.638671875000000222e-01
3.559570312500000000e-01
3.527343749999999889e-01
3.451171874999999778e-01
3.591796875000000111e-01
3.565429687500000222e-01
3.624023437500000222e-01
3.439453124999999889e-01
3.486328125000000000e-01
3.465820312499999778e-01
3.638671875000000222e-01
3.653320312500000222e-01
3.448242187500000222e-01
3.480468749999999778e-01
3.433593750000000222e-01
3.237304687500000000e-01
3.421874999999999778e-01
3.424804687499999889e-01
3.281250000000000000e-01
3.298828125000000111e-01
3.287109375000000222e-01
3.541992187499999889e-01
3.234374999999999889e-01
3.366210937499999889e-01
3.257812500000000222e-01
3.413085937500000000e-01
3.146484374999999889e-01
3.084960937499999778e-01
2.932617187500000111e-01
3.029296874999999889e-01
3.266601562500000000e-01
3.023437500000000222e-01
3.272460937500000222e-01
2.982421874999999778e-01
2.932617187500000111e-01
3.046875000000000000e-01
2.956054687499999889e-01
2.941406249999999889e-01
3.061523437500000000e-01
2.999999999999999889e-01
2.835937499999999778e-01
2.756835937500000111e-01
2.780273437499999889e-01
2.715820312500000222e-01
2.742187500000000111e-01
2.613281250000000222e-01
2.595703125000000111e-01
2.677734374999999889e-01
2.642578125000000222e-01
2.399414062499999889e-01
2.592773437500000000e-01
2.490234375000000000e-01
2.408203124999999944e-01
2.340820312499999889e-01
2.179687499999999889e-01
2.452148437499999944e-01
2.355468749999999889e-01
2.396484375000000056e-01
2.346679687500000111e-01
2.077148437499999889e-01
2.124023437500000000e-01
2.191406250000000056e-01
2.132812500000000056e-01
2.094726562500000000e-01
2.083007812500000111e-01
2.056640624999999944e-01
1.916015624999999889e-01
1.904296875000000000e-01
1.875000000000000000e-01
1.839843750000000056e-01
1.702148437500000111e-01
1.669921875000000000e-01
1.678710937500000056e-01
1.570312500000000111e-01
1.620117187500000056e-01
1.576171875000000056e-01
1.400390625000000056e-01
1.365234375000000111e-01
1.447265624999999889e-01
1.330078124999999889e-01
1.362304687500000000e-01
1.333007812500000000e-01
1.294921874999999944e-01
1.224609375000000056e-01
1.148437499999999944e-01
1.186523437500000000e-01
1.101562499999999972e-01
9.697265624999999722e-02
1.022460937500000028e-01
0.000000000000000000e+00
0.000000000000000000e+00
0.000000000000000000e+00
0.000000000000000000e+00
0.000000000000000000e+00
0.000000000000000000e+00
0.000000000000000000e+00
0.000000000000000000e+00
0.000000000000000000e+00
0.000000000000000000e+00
0.000000000000000000e+00
0.000000000000000000e+00
0.000000000000000000e+00
0.000000000000000000e+00
0.000000000000000000e+00
0.000000000000000000e+00
0.000000000000000000e+00
0.000000000000000000e+00
0.000000000000000000e+00
0.000000000000000000e+00
0.000000000000000000e+00
0.000000000000000000e+00
0.000000000000000000e+00
0.000000000000000000e+00
0.000000000000000000e+00
