2.133853077999954273e+00
2.137084280906433431e+00
2.142332243493928701e+00
2.150003982565132699e+00
2.137927178701038322e+00
2.160269802688797647e+00
2.142038296404177977e+00
2.150271640350436719e+00
2.144969777440139058e+00
2.142514030308690476e+00
2.163739471053112151e+00
2.163160568257774585e+00
2.154457669845841750e+00
2.150304287782467849e+00
2.148234519105636675e+00
2.138322558332681478e+00
2.147385222492454115e+00
2.141219639425827381e+00
2.137729786170330826e+00
2.144741095062538072e+00
2.150745918826366232e+00
2.144652105462521607e+00
2.151528253376518762e+00
2.141532345904410217e+00
2.164049120962476369e+00
2.163488262227060144e+00
2.154983704031151248e+00
2.134789365772451042e+00
2.139757220225083856e+00
2.146321375090769479e+00
2.138854700171180401e+00
2.135370680288408263e+00
2.139585257860278311e+00
2.158368963579964106e+00
2.170262585354344242e+00
2.149282743535242624e+00
2.143396241473745523e+00
2.137184287813217676e+00
2.132927467994822468e+00
2.147594013551556102e+00
2.145632757010977443e+00
2.136491100289799494e+00
2.136799943839532645e+00
2.145735253647969465e+00
2.139727197896552191e+00
2.155186451764669275e+00
2.137800126565349235e+00
2.148942783133580114e+00
2.127080189117920739e+00
2.140367960277784309e+00
2.150047709355285885e+00
2.137239373338930548e+00
2.145793496786738697e+00
2.140902513529000295e+00
2.130649890905527588e+00
2.153676816237471758e+00
2.153608543700166411e+00
2.155154856577174538e+00
2.144503688751290937e+00
2.148804382082046605e+00
2.161940216102763213e+00
2.153492399882240615e+00
2.143170741197716112e+00
2.133516268294982421e+00
