2.149663133987513852e+00
2.137729045713090859e+00
2.152462687449510081e+00
2.137394258438486183e+00
2.143597301227050167e+00
2.158117796619301920e+00
2.144200543644004586e+00
2.152454466013979939e+00
2.160906820114825599e+00
2.144594176280743003e+00
2.157058653654617242e+00
2.139858721620106596e+00
2.133825697528373144e+00
2.142931682197410481e+00
2.153539910735176921e+00
2.138125221753137239e+00
2.145276684047030535e+00
2.140387856212973006e+00
2.151274048047295828e+00
2.150490299555734008e+00
2.147117690053532257e+00
2.155813651893533134e+00
2.140315481113523433e+00
2.150101402228605796e+00
2.141674802124077459e+00
2.151883909370409853e+00
2.146189573896161829e+00
2.153533828746995393e+00
2.144085161706155596e+00
2.158836047179089945e+00
2.142835945762553429e+00
2.148598635216456998e+00
2.157737210998797561e+00
2.140677047427984370e+00
2.152359882077519604e+00
2.139356853486062970e+00
2.155564282110838281e+00
2.155209583615614211e+00
2.148117298699081967e+00
2.140750807789411958e+00
2.141488241840281859e+00
2.132687437552505560e+00
2.141119445902176732e+00
2.162294993272121157e+00
2.159611803692785603e+00
2.148411388287901680e+00
2.145409568580919135e+00
2.132912845159505189e+00
2.145850096333100421e+00
2.149368119713320979e+00
2.142282846426737830e+00
2.143646673931661084e+00
2.157029714277936439e+00
2.142819232403120555e+00
2.154273445338056536e+00
2.151064599692499968e+00
2.159035312021228670e+00
2.146705849927103671e+00
2.160553478915363090e+00
2.134778815830376875e+00
2.130142210288255455e+00
2.174327557866069682e+00
2.148285944323975016e+00
2.143930398999481568e+00
