2.138095135131256264e+00
2.144700299729422888e+00
2.148193571192757112e+00
2.129782577847593839e+00
2.142881015590579974e+00
2.142401980066545253e+00
2.155952240521370022e+00
2.149947266534002033e+00
2.155535254430581471e+00
2.145396655994549651e+00
2.148696368224936926e+00
2.143962990496149690e+00
2.146895753309553179e+00
2.140327029930859215e+00
2.153030995168965234e+00
2.137876101042571531e+00
2.157821689386288710e+00
2.151299020896056291e+00
2.163477390758909991e+00
2.151492027119007666e+00
2.145528214048003424e+00
2.162738299353557991e+00
2.137121146588777165e+00
2.153303296469340378e+00
2.142804066361982951e+00
2.145154419142768720e+00
2.149411315200896677e+00
2.153828708982799878e+00
2.147177018922631575e+00
2.154449602434544531e+00
2.135813138841668124e+00
2.133837239383651330e+00
2.150517274941075474e+00
2.147639388147938089e+00
2.158784980376146301e+00
2.156679124693637650e+00
2.144344289367726919e+00
2.149144829109458588e+00
2.135770321525812143e+00
2.142854034865732782e+00
2.161141292421968618e+00
2.166578959362757573e+00
2.142479325024210457e+00
2.164919333116551048e+00
2.152958305901079505e+00
2.151443274323097565e+00
2.148333134071610750e+00
2.157482173025883743e+00
2.149753485158500510e+00
2.161753615819651309e+00
2.139076177869205342e+00
2.137416504027174202e+00
2.148401277408177101e+00
2.150093843121515302e+00
2.154816692664979438e+00
2.128704673555362969e+00
2.141425747862139239e+00
2.139778315304592393e+00
2.154662385266625346e+00
2.155229742905636403e+00
2.155810293926879950e+00
2.155115082555353556e+00
2.137673761340601164e+00
2.148298408016178662e+00
