2.336722015901587124e+00
2.342515132574209957e+00
2.333647571041639779e+00
2.342459583050276350e+00
2.335371907228961152e+00
2.355507691687825922e+00
2.347205989905048806e+00
2.322013945661431489e+00
2.339639908927117151e+00
2.339255284888090092e+00
2.333302921809343289e+00
2.335594308422538123e+00
2.352316544866961401e+00
2.331721146377184528e+00
2.352557729792339458e+00
2.329463464254504679e+00
2.342772004899767335e+00
2.338576158046177245e+00
2.340798819837967670e+00
2.322778201541109588e+00
2.330980155742168325e+00
2.351574547423186168e+00
2.337293580451252684e+00
2.342431005548514023e+00
2.338429151273622164e+00
2.334317809426350365e+00
2.350997905882649786e+00
2.328492707947150020e+00
2.339441977297451736e+00
2.327371122158184757e+00
2.323424640947216790e+00
2.329207475947112194e+00
2.337759938415524097e+00
2.343701066685922374e+00
2.345187976825030329e+00
2.362728094287228853e+00
2.343811838336773867e+00
2.338507484550586213e+00
2.329130550369431063e+00
2.363347510445622301e+00
2.350030631000765702e+00
2.337236306430273025e+00
2.333171458396827269e+00
2.362179910613879663e+00
2.341718855318379422e+00
2.342361513872000867e+00
2.349560895872413013e+00
2.323808058246692454e+00
2.331621545568639320e+00
2.343531811987205504e+00
2.340812581438335815e+00
2.337742138662705305e+00
2.327427845613512236e+00
2.320688626305889013e+00
2.360488767597291648e+00
2.349616258911186861e+00
2.333517801212820153e+00
2.339852673548860285e+00
2.337662630322757895e+00
2.333900865766547206e+00
2.349893142167381210e+00
2.344092632120218678e+00
2.325552899079684543e+00
2.349545014585123770e+00
