2.333868558762593359e+00
2.334616701026625218e+00
2.332222233039116688e+00
2.349005402140760701e+00
2.331304202287351579e+00
2.339817222849255529e+00
2.335140498104525175e+00
2.326899434526092492e+00
2.340895170811412740e+00
2.344086110821149482e+00
2.354440278375729445e+00
2.334460271620959926e+00
2.370961417478674615e+00
2.340083632835042504e+00
2.351172200858190120e+00
2.355084612962107471e+00
2.360743933924961180e+00
2.348388404784591987e+00
2.356730052275666676e+00
2.341045374674541879e+00
2.339988045920760484e+00
2.347974607637130617e+00
2.345256163607860156e+00
2.350331415035226801e+00
2.347900843815753813e+00
2.350017402422348134e+00
2.335452402298727748e+00
2.330349475663188841e+00
2.341841182232648144e+00
2.380378296987135212e+00
2.357361306555636027e+00
2.338135394035310455e+00
2.347190958555350093e+00
2.340377677283742130e+00
2.400511407557176291e+00
2.333188149087848995e+00
2.326714272719274668e+00
2.308655744740780502e+00
2.350955094728929939e+00
2.328679447462767005e+00
2.351889974293215335e+00
2.340689883379821978e+00
2.333731718529663990e+00
2.349237194299873543e+00
2.346407267295180787e+00
2.329515339314567335e+00
2.347829659333906527e+00
2.361832751187155299e+00
2.324820873268512500e+00
2.317462379145921236e+00
2.332453339077230403e+00
2.322723378586789789e+00
2.334451348817961236e+00
2.326546130457256112e+00
2.323554564403762512e+00
2.335387170296363113e+00
2.334479990090381207e+00
2.346531010860831046e+00
2.345370804480902294e+00
2.331931506966040235e+00
2.327262454869007069e+00
2.327631777212664232e+00
2.342442091303960083e+00
2.328411070059829946e+00
