0.000000000000000000e+00
0.000000000000000000e+00
0.000000000000000000e+00
0.000000000000000000e+00
0.000000000000000000e+00
0.000000000000000000e+00
0.000000000000000000e+00
0.000000000000000000e+00
0.000000000000000000e+00
0.000000000000000000e+00
0.000000000000000000e+00
0.000000000000000000e+00
0.000000000000000000e+00
0.000000000000000000e+00
0.000000000000000000e+00
0.000000000000000000e+00
0.000000000000000000e+00
0.000000000000000000e+00
0.000000000000000000e+00
0.000000000000000000e+00
0.000000000000000000e+00
0.000000000000000000e+00
0.000000000000000000e+00
0.000000000000000000e+00
0.000000000000000000e+00
8.300781250000000000e-03
8.398437499999999653e-03
7.812500000000000000e-03
8.984374999999999306e-03
1.171875000000000000e-02
1.044921874999999931e-02
1.083984374999999965e-02
1.123046875000000000e-02
1.123046875000000000e-02
1.386718749999999931e-02
1.259765625000000035e-02
1.484374999999999931e-02
1.630859374999999931e-02
1.601562499999999861e-02
1.582031249999999931e-02
1.845703124999999861e-02
1.835937500000000069e-02
2.177734375000000069e-02
2.080078125000000069e-02
2.060546875000000139e-02
2.021484374999999931e-02
2.255859375000000139e-02
2.382812499999999861e-02
2.070312499999999931e-02
2.324218750000000069e-02
2.412109374999999931e-02
2.626953124999999861e-02
2.402343750000000139e-02
2.753906249999999931e-02
2.871093749999999861e-02
3.017578124999999861e-02
2.773437499999999861e-02
3.154296874999999722e-02
3.085937500000000139e-02
2.998046874999999931e-02
3.613281250000000000e-02
3.876953125000000278e-02
3.535156250000000278e-02
3.613281250000000000e-02
3.867187500000000139e-02
3.652343749999999861e-02
3.808593750000000000e-02
3.896484374999999861e-02
4.121093750000000278e-02
4.199218750000000000e-02
4.189453124999999861e-02
4.462890625000000278e-02
4.570312499999999722e-02
4.482421874999999861e-02
4.648437500000000139e-02
4.619140624999999722e-02
5.341796875000000278e-02
4.912109374999999722e-02
4.960937499999999722e-02
5.263671874999999861e-02
4.921874999999999861e-02
5.156249999999999722e-02
5.458984374999999861e-02
5.605468749999999861e-02
5.126953125000000000e-02
5.498046874999999722e-02
5.458984374999999861e-02
5.566406250000000000e-02
6.025390625000000278e-02
5.947265624999999861e-02
5.830078125000000278e-02
6.279296874999999722e-02
5.898437499999999861e-02
6.093749999999999861e-02
6.435546875000000555e-02
6.005859375000000000e-02
6.523437499999999722e-02
6.982421875000000000e-02
6.972656250000000555e-02
6.640625000000000000e-02
6.884765625000000000e-02
6.923828125000000555e-02
6.699218749999999445e-02
6.865234374999999722e-02
7.480468749999999445e-02
7.099609375000000278e-02
7.695312499999999722e-02
7.470703125000000000e-02
7.880859375000000278e-02
8.037109374999999722e-02
7.675781249999999445e-02
7.607421875000000555e-02
8.652343749999999445e-02
8.310546874999999445e-02
8.164062499999999445e-02
8.378906249999999722e-02
8.701171874999999445e-02
8.574218749999999722e-02
8.603515624999999445e-02
8.154296875000000000e-02
8.671874999999999722e-02
9.453124999999999722e-02
8.906250000000000278e-02
9.238281249999999445e-02
8.906250000000000278e-02
8.779296875000000555e-02
9.667968750000000000e-02
9.443359375000000278e-02
9.121093750000000555e-02
1.045898437499999944e-01
8.955078125000000278e-02
9.638671875000000278e-02
9.501953124999999722e-02
1.022460937500000028e-01
1.000000000000000056e-01
9.775390624999999445e-02
1.008789062499999972e-01
1.000000000000000056e-01
1.029296875000000056e-01
1.076171875000000028e-01
1.041992187500000028e-01
1.043945312500000056e-01
1.016601562499999944e-01
1.007812500000000028e-01
1.083984375000000000e-01
1.029296875000000056e-01
1.095703125000000028e-01
1.113281250000000000e-01
1.080078124999999944e-01
1.072265624999999972e-01
1.083984375000000000e-01
1.078125000000000056e-01
1.118164062500000000e-01
1.116210937499999972e-01
1.062499999999999972e-01
1.104492187499999944e-01
1.149414062500000028e-01
1.151367187500000056e-01
1.191406250000000000e-01
1.119140624999999944e-01
1.166015625000000056e-01
1.118164062500000000e-01
1.185546875000000056e-01
1.132812500000000000e-01
1.178710937500000028e-01
1.180664062500000056e-01
1.145507812499999972e-01
1.245117187500000000e-01
1.208007812500000028e-01
1.202148437499999944e-01
1.257812500000000111e-01
1.203125000000000028e-01
1.193359375000000028e-01
1.207031249999999944e-01
1.227539062500000028e-01
1.255859374999999944e-01
1.291992187500000111e-01
1.257812500000000111e-01
1.218749999999999972e-01
1.226562499999999944e-01
1.302734375000000056e-01
1.314453124999999944e-01
1.291015624999999889e-01
1.309570312499999944e-01
1.252929687500000111e-01
1.212890625000000028e-01
1.225585937500000000e-01
1.305664062499999889e-01
1.317382812500000056e-01
1.271484374999999889e-01
1.300781249999999889e-01
1.347656250000000000e-01
1.325195312499999889e-01
1.293945312500000000e-01
1.370117187500000111e-01
1.283203125000000056e-01
1.297851562500000056e-01
1.279296875000000000e-01
1.313476562500000000e-01
1.368164062499999944e-01
1.328125000000000000e-01
1.334960937499999889e-01
1.342773437500000000e-01
1.346679687500000056e-01
1.293945312500000000e-01
1.351562500000000056e-01
1.359374999999999889e-01
1.307617187500000056e-01
1.388671874999999889e-01
1.374023437499999889e-01
1.345703125000000111e-01
1.279296875000000000e-01
1.311523437500000111e-01
1.370117187500000111e-01
1.302734375000000056e-01
1.306640625000000111e-01
1.368164062499999944e-01
1.404296875000000111e-01
1.341796875000000056e-01
1.307617187500000056e-01
1.321289062500000111e-01
1.323242187500000000e-01
1.305664062499999889e-01
1.264648437500000000e-01
1.317382812500000056e-01
1.370117187500000111e-01
1.397460937499999944e-01
1.356445312500000056e-01
1.356445312500000056e-01
1.368164062499999944e-01
1.290039062499999944e-01
1.393554687499999889e-01
1.405273437500000056e-01
1.276367187499999889e-01
1.423828125000000111e-01
1.306640625000000111e-01
1.404296875000000111e-01
1.300781249999999889e-01
1.294921874999999944e-01
1.256835937499999889e-01
1.342773437500000000e-01
1.207031249999999944e-01
1.358398437499999944e-01
1.343749999999999944e-01
1.278320312500000056e-01
1.259765625000000000e-01
1.382812499999999944e-01
1.387695312499999944e-01
1.357421875000000000e-01
1.334960937499999889e-01
1.391601562500000000e-01
1.338867187499999944e-01
1.361328125000000056e-01
1.244140625000000056e-01
1.319335937499999944e-01
1.334960937499999889e-01
1.336914062500000056e-01
1.319335937499999944e-01
1.342773437500000000e-01
1.352539062500000000e-01
1.363281249999999944e-01
1.342773437500000000e-01
1.295898437499999889e-01
1.304687499999999944e-01
1.300781249999999889e-01
1.297851562500000056e-01
1.299804687499999944e-01
1.272460937500000111e-01
1.312500000000000056e-01
1.266601562499999889e-01
1.272460937500000111e-01
1.247070312500000028e-01
1.224609375000000056e-01
1.259765625000000000e-01
1.320312499999999889e-01
1.295898437499999889e-01
1.353515624999999944e-01
1.263671875000000056e-01
1.260742187499999944e-01
1.217773437500000028e-01
1.209960937500000056e-01
1.310546874999999889e-01
1.287109375000000111e-01
1.259765625000000000e-01
1.328125000000000000e-01
1.297851562500000056e-01
1.225585937500000000e-01
1.316406250000000111e-01
1.260742187499999944e-01
1.226562499999999944e-01
1.269531250000000000e-01
1.239257812500000056e-01
1.218749999999999972e-01
1.237304687500000028e-01
1.239257812500000056e-01
1.253906250000000056e-01
1.218749999999999972e-01
1.249023437500000056e-01
1.149414062500000028e-01
1.232421875000000028e-01
1.239257812500000056e-01
1.248046874999999972e-01
1.212890625000000028e-01
1.232421875000000028e-01
1.221679687499999944e-01
1.233398437499999972e-01
1.187499999999999944e-01
1.212890625000000028e-01
1.198242187500000028e-01
1.235351562500000000e-01
1.282226562500000111e-01
1.233398437499999972e-01
1.204101562499999972e-01
1.185546875000000056e-01
1.179687499999999972e-01
1.228515624999999972e-01
1.130859374999999972e-01
1.159179687500000028e-01
1.198242187500000028e-01
1.117187500000000056e-01
1.147460937500000000e-01
1.221679687499999944e-01
1.158203124999999944e-01
1.211914062499999944e-01
1.158203124999999944e-01
1.134765625000000028e-01
1.151367187500000056e-01
1.202148437499999944e-01
1.186523437500000000e-01
1.174804687499999972e-01
1.153320312499999944e-01
1.150390624999999972e-01
1.139648437500000028e-01
1.198242187500000028e-01
1.147460937500000000e-01
1.178710937500000028e-01
1.162109375000000000e-01
1.112304687500000056e-01
1.163085937499999944e-01
1.109374999999999944e-01
1.194335937499999972e-01
1.131835937500000056e-01
1.153320312499999944e-01
1.166992187500000000e-01
1.164062500000000028e-01
1.124023437499999944e-01
1.164062500000000028e-01
1.188476562500000028e-01
1.151367187500000056e-01
1.154296875000000028e-01
1.121093749999999972e-01
1.123046875000000000e-01
1.157226562500000000e-01
1.134765625000000028e-01
1.221679687499999944e-01
1.210937500000000000e-01
1.166015625000000056e-01
1.164062500000000028e-01
1.197265624999999944e-01
1.164062500000000028e-01
1.158203124999999944e-01
1.078125000000000056e-01
1.146484375000000056e-01
1.117187500000000056e-01
1.156250000000000056e-01
1.149414062500000028e-01
1.120117187500000028e-01
1.137695312500000000e-01
1.147460937500000000e-01
1.149414062500000028e-01
1.124023437499999944e-01
1.185546875000000056e-01
1.141601562500000056e-01
1.156250000000000056e-01
1.123046875000000000e-01
1.161132812500000056e-01
1.163085937499999944e-01
1.176757812500000000e-01
1.175781250000000056e-01
1.192382812499999944e-01
1.161132812500000056e-01
1.125976562499999972e-01
1.123046875000000000e-01
1.137695312500000000e-01
1.165039062499999972e-01
1.111328124999999972e-01
1.150390624999999972e-01
1.187499999999999944e-01
1.220703125000000000e-01
1.127929687500000000e-01
1.101562499999999972e-01
1.194335937499999972e-01
1.177734374999999944e-01
1.201171875000000000e-01
1.104492187499999944e-01
1.101562499999999972e-01
1.200195312500000056e-01
1.121093749999999972e-01
1.169921874999999972e-01
1.135742187499999972e-01
1.162109375000000000e-01
1.114257812499999944e-01
1.163085937499999944e-01
1.067382812499999972e-01
1.199218749999999972e-01
1.112304687500000056e-01
1.174804687499999972e-01
1.139648437500000028e-01
1.176757812500000000e-01
1.141601562500000056e-01
1.135742187499999972e-01
1.077148437499999972e-01
1.210937500000000000e-01
1.159179687500000028e-01
1.152343750000000000e-01
1.101562499999999972e-01
1.166992187500000000e-01
1.193359375000000028e-01
1.148437499999999944e-01
1.185546875000000056e-01
1.185546875000000056e-01
1.125000000000000028e-01
1.194335937499999972e-01
1.132812500000000000e-01
1.134765625000000028e-01
1.184570312499999972e-01
1.243164062499999972e-01
1.175781250000000056e-01
1.150390624999999972e-01
1.158203124999999944e-01
1.177734374999999944e-01
1.169921874999999972e-01
1.219726562500000056e-01
1.180664062500000056e-01
1.155273437499999972e-01
1.166015625000000056e-01
1.200195312500000056e-01
1.218749999999999972e-01
1.160156249999999972e-01
1.220703125000000000e-01
1.173828125000000028e-01
1.163085937499999944e-01
1.122070312500000056e-01
1.117187500000000056e-01
1.263671875000000056e-01
1.216796874999999944e-01
1.191406250000000000e-01
1.180664062500000056e-01
1.137695312500000000e-01
1.221679687499999944e-01
1.156250000000000056e-01
1.256835937499999889e-01
1.201171875000000000e-01
1.164062500000000028e-01
1.196289062500000000e-01
1.107421875000000056e-01
1.174804687499999972e-01
1.222656250000000028e-01
1.222656250000000028e-01
1.171875000000000000e-01
1.168945312500000028e-01
1.105468750000000028e-01
1.083984375000000000e-01
1.085937500000000028e-01
1.128906249999999944e-01
1.233398437499999972e-01
1.179687499999999972e-01
1.223632812499999972e-01
1.198242187500000028e-01
1.193359375000000028e-01
1.152343750000000000e-01
1.184570312499999972e-01
1.166992187500000000e-01
1.200195312500000056e-01
1.198242187500000028e-01
1.191406250000000000e-01
1.209960937500000056e-01
1.189453124999999972e-01
1.202148437499999944e-01
1.145507812499999972e-01
1.208007812500000028e-01
1.165039062499999972e-01
1.166015625000000056e-01
1.220703125000000000e-01
1.126953125000000056e-01
1.223632812499999972e-01
1.261718749999999889e-01
1.152343750000000000e-01
1.230468750000000000e-01
1.207031249999999944e-01
1.125000000000000028e-01
1.214843750000000056e-01
1.215820312500000000e-01
1.124023437499999944e-01
1.259765625000000000e-01
1.199218749999999972e-01
1.232421875000000028e-01
1.149414062500000028e-01
1.214843750000000056e-01
1.221679687499999944e-01
1.235351562500000000e-01
1.193359375000000028e-01
1.156250000000000056e-01
1.228515624999999972e-01
1.193359375000000028e-01
1.188476562500000028e-01
1.177734374999999944e-01
1.163085937499999944e-01
1.166992187500000000e-01
1.217773437500000028e-01
1.226562499999999944e-01
1.149414062500000028e-01
1.202148437499999944e-01
1.191406250000000000e-01
1.255859374999999944e-01
1.249023437500000056e-01
1.164062500000000028e-01
1.251953124999999889e-01
1.145507812499999972e-01
1.112304687500000056e-01
1.119140624999999944e-01
1.250976562499999944e-01
1.210937500000000000e-01
1.189453124999999972e-01
1.169921874999999972e-01
1.185546875000000056e-01
1.201171875000000000e-01
1.192382812499999944e-01
1.231445312499999944e-01
1.178710937500000028e-01
1.220703125000000000e-01
1.166015625000000056e-01
1.276367187499999889e-01
1.203125000000000028e-01
1.179687499999999972e-01
1.215820312500000000e-01
1.167968749999999944e-01
1.178710937500000028e-01
1.189453124999999972e-01
1.174804687499999972e-01
1.168945312500000028e-01
1.148437499999999944e-01
1.208007812500000028e-01
1.187499999999999944e-01
1.194335937499999972e-01
1.203125000000000028e-01
1.181640625000000000e-01
1.252929687500000111e-01
1.208007812500000028e-01
1.134765625000000028e-01
1.116210937499999972e-01
1.172851562499999944e-01
1.229492187500000056e-01
1.223632812499999972e-01
1.193359375000000028e-01
1.186523437500000000e-01
1.111328124999999972e-01
1.123046875000000000e-01
1.160156249999999972e-01
1.135742187499999972e-01
1.183593750000000028e-01
1.225585937500000000e-01
1.198242187500000028e-01
1.215820312500000000e-01
1.116210937499999972e-01
1.150390624999999972e-01
1.169921874999999972e-01
1.154296875000000028e-01
1.130859374999999972e-01
1.115234375000000028e-01
1.157226562500000000e-01
1.190429687500000056e-01
1.129882812500000028e-01
1.165039062499999972e-01
1.175781250000000056e-01
1.175781250000000056e-01
1.186523437500000000e-01
1.130859374999999972e-01
1.166992187500000000e-01
1.141601562500000056e-01
1.123046875000000000e-01
1.172851562499999944e-01
1.140624999999999972e-01
1.150390624999999972e-01
1.188476562500000028e-01
1.138671874999999944e-01
1.208984374999999972e-01
1.125000000000000028e-01
1.131835937500000056e-01
1.128906249999999944e-01
1.168945312500000028e-01
1.170898437500000056e-01
1.128906249999999944e-01
1.193359375000000028e-01
1.073242187500000056e-01
1.197265624999999944e-01
1.160156249999999972e-01
1.145507812499999972e-01
1.118164062500000000e-01
1.149414062500000028e-01
1.141601562500000056e-01
1.172851562499999944e-01
1.118164062500000000e-01
1.087890625000000056e-01
1.148437499999999944e-01
1.154296875000000028e-01
1.090820312500000028e-01
1.176757812500000000e-01
1.183593750000000028e-01
1.163085937499999944e-01
1.084960937499999944e-01
1.128906249999999944e-01
1.185546875000000056e-01
1.142578125000000000e-01
1.147460937500000000e-01
1.090820312500000028e-01
1.194335937499999972e-01
1.158203124999999944e-01
1.088867187500000000e-01
1.109374999999999944e-01
1.145507812499999972e-01
1.098632812500000000e-01
1.123046875000000000e-01
1.131835937500000056e-01
1.175781250000000056e-01
1.152343750000000000e-01
1.196289062500000000e-01
1.134765625000000028e-01
1.104492187499999944e-01
1.138671874999999944e-01
1.165039062499999972e-01
1.145507812499999972e-01
1.171875000000000000e-01
1.152343750000000000e-01
1.162109375000000000e-01
1.161132812500000056e-01
1.175781250000000056e-01
1.209960937500000056e-01
1.183593750000000028e-01
1.155273437499999972e-01
1.146484375000000056e-01
1.075195312499999944e-01
1.143554687499999944e-01
1.169921874999999972e-01
1.117187500000000056e-01
1.097656250000000056e-01
1.166992187500000000e-01
1.111328124999999972e-01
1.158203124999999944e-01
1.181640625000000000e-01
1.068359375000000056e-01
1.202148437499999944e-01
1.172851562499999944e-01
1.206054687500000000e-01
1.151367187500000056e-01
1.141601562500000056e-01
1.198242187500000028e-01
1.194335937499999972e-01
1.203125000000000028e-01
1.149414062500000028e-01
1.152343750000000000e-01
1.186523437500000000e-01
1.205078125000000056e-01
1.182617187499999944e-01
1.159179687500000028e-01
1.176757812500000000e-01
1.166992187500000000e-01
1.160156249999999972e-01
1.210937500000000000e-01
1.196289062500000000e-01
1.226562499999999944e-01
1.211914062499999944e-01
1.210937500000000000e-01
1.156250000000000056e-01
1.181640625000000000e-01
1.184570312499999972e-01
1.259765625000000000e-01
1.166992187500000000e-01
1.219726562500000056e-01
1.127929687500000000e-01
1.221679687499999944e-01
1.221679687499999944e-01
1.241210937499999944e-01
1.144531250000000028e-01
1.160156249999999972e-01
1.118164062500000000e-01
1.263671875000000056e-01
1.209960937500000056e-01
1.231445312499999944e-01
1.208007812500000028e-01
1.177734374999999944e-01
1.248046874999999972e-01
1.246093749999999944e-01
1.213867187499999972e-01
1.168945312500000028e-01
1.273437500000000056e-01
1.221679687499999944e-01
1.244140625000000056e-01
1.197265624999999944e-01
1.242187500000000028e-01
1.266601562499999889e-01
1.289062500000000000e-01
1.234375000000000056e-01
1.210937500000000000e-01
1.312500000000000056e-01
1.265624999999999944e-01
1.268554687500000056e-01
1.235351562500000000e-01
1.187499999999999944e-01
1.264648437500000000e-01
1.272460937500000111e-01
1.250976562499999944e-01
1.265624999999999944e-01
1.299804687499999944e-01
1.296875000000000111e-01
1.303710937500000000e-01
1.333007812500000000e-01
1.260742187499999944e-01
1.243164062499999972e-01
1.273437500000000056e-01
1.171875000000000000e-01
1.317382812500000056e-01
1.302734375000000056e-01
1.288085937500000056e-01
1.333007812500000000e-01
1.322265625000000056e-01
1.255859374999999944e-01
1.325195312499999889e-01
1.356445312500000056e-01
1.281249999999999889e-01
1.306640625000000111e-01
1.221679687499999944e-01
1.319335937499999944e-01
1.323242187500000000e-01
1.304687499999999944e-01
1.313476562500000000e-01
1.287109375000000111e-01
1.294921874999999944e-01
1.295898437499999889e-01
1.281249999999999889e-01
1.336914062500000056e-01
1.302734375000000056e-01
1.370117187500000111e-01
1.261718749999999889e-01
1.349609374999999889e-01
1.420898437500000000e-01
1.352539062500000000e-01
1.355468750000000111e-01
1.332031250000000056e-01
1.339843749999999889e-01
1.375976562500000056e-01
1.363281249999999944e-01
1.330078124999999889e-01
1.336914062500000056e-01
1.341796875000000056e-01
1.327148437500000056e-01
1.343749999999999944e-01
1.328125000000000000e-01
1.366210937500000056e-01
1.330078124999999889e-01
1.389648437500000111e-01
1.334960937499999889e-01
1.292968750000000056e-01
1.341796875000000056e-01
1.301757812500000111e-01
1.368164062499999944e-01
1.335937500000000111e-01
1.343749999999999944e-01
1.341796875000000056e-01
1.333007812500000000e-01
1.314453124999999944e-01
1.379882812500000111e-01
1.302734375000000056e-01
1.379882812500000111e-01
1.302734375000000056e-01
1.365234375000000111e-01
1.369140624999999889e-01
1.283203125000000056e-01
1.318359375000000000e-01
1.409179687500000111e-01
1.331054687500000111e-01
1.438476562500000111e-01
1.391601562500000000e-01
1.338867187499999944e-01
1.370117187500000111e-01
1.312500000000000056e-01
1.315429687499999889e-01
1.334960937499999889e-01
1.361328125000000056e-01
1.426757812499999944e-01
1.324218749999999944e-01
1.395507812500000056e-01
1.388671874999999889e-01
1.310546874999999889e-01
1.397460937499999944e-01
1.381835937500000000e-01
1.324218749999999944e-01
1.309570312499999944e-01
1.301757812500000111e-01
1.306640625000000111e-01
1.318359375000000000e-01
1.296875000000000111e-01
1.324218749999999944e-01
1.315429687499999889e-01
1.357421875000000000e-01
1.371093750000000056e-01
1.320312499999999889e-01
1.275390624999999944e-01
1.325195312499999889e-01
1.306640625000000111e-01
1.269531250000000000e-01
1.304687499999999944e-01
1.224609375000000056e-01
1.425781250000000000e-01
1.274414062500000000e-01
1.272460937500000111e-01
1.287109375000000111e-01
1.283203125000000056e-01
1.280273437499999944e-01
1.276367187499999889e-01
1.239257812500000056e-01
1.297851562500000056e-01
1.319335937499999944e-01
1.214843750000000056e-01
1.226562499999999944e-01
1.287109375000000111e-01
1.214843750000000056e-01
1.300781249999999889e-01
1.224609375000000056e-01
1.259765625000000000e-01
1.171875000000000000e-01
1.184570312499999972e-01
1.234375000000000056e-01
1.191406250000000000e-01
1.197265624999999944e-01
1.179687499999999972e-01
1.181640625000000000e-01
1.179687499999999972e-01
1.209960937500000056e-01
1.213867187499999972e-01
1.201171875000000000e-01
1.143554687499999944e-01
1.115234375000000028e-01
1.165039062499999972e-01
1.135742187499999972e-01
1.141601562500000056e-01
1.130859374999999972e-01
1.146484375000000056e-01
1.133789062499999944e-01
1.127929687500000000e-01
1.100585937500000028e-01
1.062499999999999972e-01
1.048828125000000056e-01
1.083007812500000056e-01
1.115234375000000028e-01
1.070312499999999944e-01
1.062499999999999972e-01
1.031249999999999944e-01
1.068359375000000056e-01
9.980468750000000278e-02
1.006835937499999944e-01
1.013671874999999972e-01
9.785156250000000278e-02
1.015625000000000000e-01
1.024414062500000056e-01
1.018554687499999972e-01
9.794921874999999722e-02
9.736328125000000278e-02
9.394531250000000278e-02
9.062499999999999722e-02
9.755859375000000555e-02
9.169921875000000555e-02
9.248046875000000278e-02
9.707031250000000555e-02
9.033203125000000000e-02
8.876953125000000555e-02
9.550781249999999722e-02
9.130859375000000000e-02
9.072265625000000555e-02
8.515625000000000278e-02
8.466796875000000278e-02
8.984375000000000000e-02
8.037109374999999722e-02
8.115234374999999445e-02
8.486328125000000555e-02
8.046875000000000555e-02
8.417968750000000278e-02
8.066406249999999445e-02
8.271484375000000278e-02
7.519531250000000000e-02
7.304687499999999722e-02
8.085937499999999722e-02
7.509765625000000555e-02
7.949218750000000555e-02
7.783203125000000278e-02
6.787109375000000000e-02
7.460937500000000555e-02
6.914062499999999722e-02
6.894531249999999445e-02
6.757812500000000278e-02
6.865234374999999722e-02
6.386718750000000555e-02
6.777343750000000555e-02
6.875000000000000555e-02
6.533203125000000555e-02
6.289062500000000555e-02
6.455078124999999445e-02
6.337890625000000555e-02
6.015625000000000139e-02
6.425781249999999722e-02
5.449218749999999722e-02
5.634765625000000278e-02
6.259765624999999445e-02
5.654296874999999861e-02
5.556640624999999861e-02
5.371093750000000000e-02
5.410156249999999861e-02
5.224609375000000000e-02
4.882812500000000000e-02
5.273437500000000000e-02
5.380859375000000139e-02
5.156249999999999722e-02
4.658203125000000278e-02
5.039062500000000139e-02
4.501953125000000139e-02
4.550781250000000139e-02
4.433593749999999861e-02
4.472656249999999722e-02
4.150390625000000000e-02
4.248046875000000000e-02
4.316406250000000278e-02
4.150390625000000000e-02
4.033203124999999722e-02
3.701171874999999861e-02
3.994140624999999861e-02
4.072265625000000278e-02
3.564453125000000000e-02
3.642578124999999722e-02
3.769531250000000139e-02
3.593749999999999722e-02
3.203124999999999722e-02
3.037109375000000139e-02
3.310546874999999861e-02
3.154296874999999722e-02
3.203124999999999722e-02
2.744140625000000139e-02
2.675781249999999861e-02
2.548828125000000139e-02
2.656249999999999931e-02
2.578124999999999861e-02
2.734375000000000000e-02
2.119140624999999931e-02
2.519531250000000069e-02
2.138671874999999861e-02
2.304687500000000139e-02
2.001953125000000000e-02
1.982421875000000069e-02
1.591796875000000069e-02
1.738281250000000069e-02
1.728515624999999931e-02
1.777343749999999931e-02
1.689453125000000069e-02
1.542968750000000069e-02
1.406250000000000035e-02
1.513671875000000000e-02
1.279296874999999965e-02
1.279296874999999965e-02
1.162109375000000035e-02
1.044921874999999931e-02
9.179687500000000347e-03
9.374999999999999653e-03
1.093749999999999931e-02
9.667968750000000347e-03
8.593750000000000694e-03
7.617187499999999827e-03
0.000000000000000000e+00
0.000000000000000000e+00
0.000000000000000000e+00
0.000000000000000000e+00
0.000000000000000000e+00
0.000000000000000000e+00
0.000000000000000000e+00
0.000000000000000000e+00
0.000000000000000000e+00
0.000000000000000000e+00
0.000000000000000000e+00
0.000000000000000000e+00
0.000000000000000000e+00
0.000000000000000000e+00
0.000000000000000000e+00
0.000000000000000000e+00
0.000000000000000000e+00
0.000000000000000000e+00
0.000000000000000000e+00
0.000000000000000000e+00
0.000000000000000000e+00
0.000000000000000000e+00
0.000000000000000000e+00
0.000000000000000000e+00
0.000000000000000000e+00
