2.333771205381507396e+00
2.342213986223907085e+00
2.330569050471643422e+00
2.333393330340629568e+00
2.331611857490825113e+00
2.341967405381297329e+00
2.363539203511023867e+00
2.334289723081985457e+00
2.337378253019894103e+00
2.340146917575556706e+00
2.326212394496464331e+00
2.334921041486956117e+00
2.337796651918501833e+00
2.339143530209858657e+00
2.334986262522880551e+00
2.340672032492520316e+00
2.364312869656630678e+00
2.335057320022782879e+00
2.351824529991314527e+00
2.348128490964639159e+00
2.331541020869978720e+00
2.339923070512988978e+00
2.341248811750730408e+00
2.334326315740136604e+00
2.341421096719726425e+00
2.333883126751253201e+00
2.341736888657329985e+00
2.346082156879219394e+00
2.341515810898567196e+00
2.322455530528577672e+00
2.347600722480811974e+00
2.349317303735678930e+00
2.353216413824781306e+00
2.379745638669231056e+00
2.332226172295671418e+00
2.347441936658567929e+00
2.345601714463569021e+00
2.353418406459441226e+00
2.328649639249694481e+00
2.351174395759124014e+00
2.324750651196563211e+00
2.335339143214968161e+00
2.349064763810992496e+00
2.337899572734283726e+00
2.325863946679467720e+00
2.357431590900237239e+00
2.353514763139719079e+00
2.326499598334405228e+00
2.343099671232437675e+00
2.347893329218178504e+00
2.347689200418636712e+00
2.338335052706174366e+00
2.337998315089011125e+00
2.341929376592332357e+00
2.321815506557717068e+00
2.321614818316056539e+00
2.352721309335925159e+00
2.335959161882266599e+00
2.332569466784898626e+00
2.348101039522406452e+00
2.344344167090516073e+00
2.345123526743912112e+00
2.399522485689535856e+00
2.330067113534981971e+00
