0.000000000000000000e+00
0.000000000000000000e+00
0.000000000000000000e+00
0.000000000000000000e+00
0.000000000000000000e+00
0.000000000000000000e+00
0.000000000000000000e+00
0.000000000000000000e+00
0.000000000000000000e+00
0.000000000000000000e+00
0.000000000000000000e+00
0.000000000000000000e+00
0.000000000000000000e+00
0.000000000000000000e+00
0.000000000000000000e+00
0.000000000000000000e+00
0.000000000000000000e+00
0.000000000000000000e+00
0.000000000000000000e+00
0.000000000000000000e+00
0.000000000000000000e+00
0.000000000000000000e+00
0.000000000000000000e+00
0.000000000000000000e+00
0.000000000000000000e+00
8.593750000000000694e-03
1.093749999999999931e-02
1.171875000000000000e-02
9.765625000000000000e-03
1.035156249999999965e-02
1.123046875000000000e-02
1.269531250000000000e-02
1.171875000000000000e-02
1.103515625000000069e-02
1.396484375000000069e-02
1.318359375000000000e-02
1.533203124999999931e-02
1.591796875000000069e-02
1.572265625000000139e-02
1.806640625000000000e-02
1.503906250000000035e-02
1.982421875000000069e-02
1.914062500000000139e-02
2.138671874999999861e-02
2.109375000000000139e-02
2.275390625000000069e-02
2.050781250000000000e-02
2.226562500000000069e-02
2.558593749999999931e-02
2.519531250000000069e-02
2.539062500000000000e-02
2.607421874999999931e-02
2.744140625000000139e-02
2.763671875000000069e-02
2.734375000000000000e-02
2.919921874999999861e-02
2.949218749999999931e-02
3.271484375000000000e-02
3.251953124999999722e-02
3.144531250000000278e-02
3.388671875000000278e-02
3.466796875000000000e-02
3.515625000000000000e-02
3.652343749999999861e-02
3.623046875000000139e-02
3.623046875000000139e-02
3.955078125000000000e-02
4.003906250000000000e-02
4.033203124999999722e-02
4.130859374999999722e-02
4.111328125000000139e-02
4.550781250000000139e-02
4.453125000000000139e-02
4.765624999999999722e-02
4.472656249999999722e-02
5.332031250000000139e-02
4.833984375000000000e-02
4.736328125000000000e-02
5.117187499999999861e-02
5.576171875000000139e-02
5.048828125000000278e-02
5.595703124999999722e-02
5.527343750000000139e-02
5.605468749999999861e-02
5.175781250000000000e-02
5.898437499999999861e-02
5.810546875000000000e-02
6.044921874999999861e-02
5.683593750000000278e-02
5.849609374999999861e-02
5.908203125000000000e-02
6.142578124999999861e-02
5.712890625000000000e-02
6.289062500000000555e-02
6.708984375000000278e-02
6.591796875000000000e-02
6.953125000000000278e-02
6.601562499999999445e-02
6.865234374999999722e-02
6.435546875000000555e-02
6.416015625000000278e-02
7.119140625000000555e-02
6.962890624999999722e-02
7.138671874999999445e-02
7.177734375000000000e-02
7.402343749999999722e-02
7.919921874999999445e-02
7.402343749999999722e-02
7.753906250000000555e-02
7.236328124999999445e-02
8.173828125000000278e-02
7.412109375000000555e-02
7.822265624999999445e-02
8.369140625000000278e-02
8.300781250000000000e-02
8.037109374999999722e-02
8.642578125000000000e-02
8.935546875000000000e-02
8.818359374999999722e-02
8.769531249999999722e-02
8.535156250000000555e-02
8.769531249999999722e-02
9.316406250000000555e-02
8.847656249999999445e-02
8.691406250000000000e-02
9.189453124999999445e-02
8.945312499999999445e-02
9.179687500000000000e-02
9.511718750000000555e-02
9.785156250000000278e-02
9.609375000000000555e-02
9.521484375000000000e-02
9.472656250000000000e-02
1.004882812500000056e-01
9.921874999999999445e-02
9.882812500000000278e-02
1.073242187500000056e-01
1.034179687500000056e-01
9.765625000000000000e-02
1.053710937500000056e-01
1.045898437499999944e-01
1.036132812499999944e-01
1.085937500000000028e-01
1.069335937500000000e-01
1.099609374999999944e-01
1.031249999999999944e-01
1.108398437500000000e-01
1.042968749999999972e-01
1.052734374999999972e-01
1.027343750000000028e-01
1.082031249999999972e-01
1.088867187500000000e-01
1.111328124999999972e-01
1.112304687500000056e-01
1.102539062500000056e-01
1.092773437500000056e-01
1.141601562500000056e-01
1.125976562499999972e-01
1.154296875000000028e-01
1.154296875000000028e-01
1.089843749999999944e-01
1.199218749999999972e-01
1.188476562500000028e-01
1.263671875000000056e-01
1.182617187499999944e-01
1.180664062500000056e-01
1.213867187499999972e-01
1.268554687500000056e-01
1.167968749999999944e-01
1.211914062499999944e-01
1.166992187500000000e-01
1.263671875000000056e-01
1.196289062500000000e-01
1.223632812499999972e-01
1.256835937499999889e-01
1.305664062499999889e-01
1.186523437500000000e-01
1.211914062499999944e-01
1.249023437500000056e-01
1.271484374999999889e-01
1.274414062500000000e-01
1.297851562500000056e-01
1.324218749999999944e-01
1.264648437500000000e-01
1.300781249999999889e-01
1.169921874999999972e-01
1.287109375000000111e-01
1.296875000000000111e-01
1.329101562499999944e-01
1.257812500000000111e-01
1.246093749999999944e-01
1.321289062500000111e-01
1.271484374999999889e-01
1.327148437500000056e-01
1.334960937499999889e-01
1.275390624999999944e-01
1.333984374999999944e-01
1.337890625000000000e-01
1.338867187499999944e-01
1.351562500000000056e-01
1.351562500000000056e-01
1.387695312499999944e-01
1.405273437500000056e-01
1.275390624999999944e-01
1.301757812500000111e-01
1.335937500000000111e-01
1.354492187499999889e-01
1.361328125000000056e-01
1.336914062500000056e-01
1.333984374999999944e-01
1.389648437500000111e-01
1.363281249999999944e-01
1.384765625000000111e-01
1.363281249999999944e-01
1.356445312500000056e-01
1.249023437500000056e-01
1.334960937499999889e-01
1.361328125000000056e-01
1.330078124999999889e-01
1.376953125000000000e-01
1.364257812499999889e-01
1.389648437500000111e-01
1.344726562499999889e-01
1.329101562499999944e-01
1.330078124999999889e-01
1.403320312499999889e-01
1.322265625000000056e-01
1.337890625000000000e-01
1.306640625000000111e-01
1.337890625000000000e-01
1.291992187500000111e-01
1.334960937499999889e-01
1.320312499999999889e-01
1.401367187500000000e-01
1.400390625000000056e-01
1.397460937499999944e-01
1.343749999999999944e-01
1.328125000000000000e-01
1.319335937499999944e-01
1.328125000000000000e-01
1.335937500000000111e-01
1.362304687500000000e-01
1.378906249999999889e-01
1.307617187500000056e-01
1.356445312500000056e-01
1.337890625000000000e-01
1.380859375000000056e-01
1.320312499999999889e-01
1.333007812500000000e-01
1.316406250000000111e-01
1.349609374999999889e-01
1.352539062500000000e-01
1.327148437500000056e-01
1.329101562499999944e-01
1.319335937499999944e-01
1.297851562500000056e-01
1.338867187499999944e-01
1.316406250000000111e-01
1.322265625000000056e-01
1.304687499999999944e-01
1.283203125000000056e-01
1.283203125000000056e-01
1.341796875000000056e-01
1.319335937499999944e-01
1.396484375000000000e-01
1.283203125000000056e-01
1.291992187500000111e-01
1.283203125000000056e-01
1.224609375000000056e-01
1.335937500000000111e-01
1.299804687499999944e-01
1.320312499999999889e-01
1.321289062500000111e-01
1.353515624999999944e-01
1.303710937500000000e-01
1.372070312500000000e-01
1.290039062499999944e-01
1.243164062499999972e-01
1.353515624999999944e-01
1.299804687499999944e-01
1.338867187499999944e-01
1.213867187499999972e-01
1.232421875000000028e-01
1.291015624999999889e-01
1.232421875000000028e-01
1.233398437499999972e-01
1.260742187499999944e-01
1.316406250000000111e-01
1.255859374999999944e-01
1.291992187500000111e-01
1.269531250000000000e-01
1.216796874999999944e-01
1.270507812499999944e-01
1.206054687500000000e-01
1.204101562499999972e-01
1.274414062500000000e-01
1.217773437500000028e-01
1.263671875000000056e-01
1.222656250000000028e-01
1.230468750000000000e-01
1.283203125000000056e-01
1.215820312500000000e-01
1.135742187499999972e-01
1.253906250000000056e-01
1.177734374999999944e-01
1.216796874999999944e-01
1.238281249999999972e-01
1.160156249999999972e-01
1.260742187499999944e-01
1.301757812500000111e-01
1.244140625000000056e-01
1.274414062500000000e-01
1.154296875000000028e-01
1.219726562500000056e-01
1.201171875000000000e-01
1.161132812500000056e-01
1.201171875000000000e-01
1.185546875000000056e-01
1.178710937500000028e-01
1.231445312499999944e-01
1.193359375000000028e-01
1.197265624999999944e-01
1.244140625000000056e-01
1.096679687499999972e-01
1.213867187499999972e-01
1.148437499999999944e-01
1.179687499999999972e-01
1.166015625000000056e-01
1.118164062500000000e-01
1.156250000000000056e-01
1.100585937500000028e-01
1.182617187499999944e-01
1.150390624999999972e-01
1.133789062499999944e-01
1.176757812500000000e-01
1.116210937499999972e-01
1.138671874999999944e-01
1.192382812499999944e-01
1.163085937499999944e-01
1.198242187500000028e-01
1.120117187500000028e-01
1.160156249999999972e-01
1.178710937500000028e-01
1.195312500000000056e-01
1.200195312500000056e-01
1.138671874999999944e-01
1.177734374999999944e-01
1.190429687500000056e-01
1.159179687500000028e-01
1.155273437499999972e-01
1.083984375000000000e-01
1.154296875000000028e-01
1.141601562500000056e-01
1.152343750000000000e-01
1.190429687500000056e-01
1.161132812500000056e-01
1.140624999999999972e-01
1.120117187500000028e-01
1.129882812500000028e-01
1.159179687500000028e-01
1.195312500000000056e-01
1.123046875000000000e-01
1.142578125000000000e-01
1.125000000000000028e-01
1.083007812500000056e-01
1.091796874999999972e-01
1.137695312500000000e-01
1.096679687499999972e-01
1.127929687500000000e-01
1.154296875000000028e-01
1.171875000000000000e-01
1.152343750000000000e-01
1.102539062500000056e-01
1.156250000000000056e-01
1.110351562500000028e-01
1.145507812499999972e-01
1.122070312500000056e-01
1.191406250000000000e-01
1.154296875000000028e-01
1.135742187499999972e-01
1.166992187500000000e-01
1.150390624999999972e-01
1.223632812499999972e-01
1.110351562500000028e-01
1.125976562499999972e-01
1.155273437499999972e-01
1.196289062500000000e-01
1.091796874999999972e-01
1.210937500000000000e-01
1.113281250000000000e-01
1.062499999999999972e-01
1.166015625000000056e-01
1.169921874999999972e-01
1.164062500000000028e-01
1.089843749999999944e-01
1.172851562499999944e-01
1.096679687499999972e-01
1.090820312500000028e-01
1.118164062500000000e-01
1.132812500000000000e-01
1.166015625000000056e-01
1.167968749999999944e-01
1.159179687500000028e-01
1.118164062500000000e-01
1.162109375000000000e-01
1.170898437500000056e-01
1.143554687499999944e-01
1.199218749999999972e-01
1.162109375000000000e-01
1.163085937499999944e-01
1.200195312500000056e-01
1.130859374999999972e-01
1.206054687500000000e-01
1.203125000000000028e-01
1.095703125000000028e-01
1.143554687499999944e-01
1.148437499999999944e-01
1.174804687499999972e-01
1.175781250000000056e-01
1.138671874999999944e-01
1.132812500000000000e-01
1.185546875000000056e-01
1.204101562499999972e-01
1.142578125000000000e-01
1.203125000000000028e-01
1.183593750000000028e-01
1.202148437499999944e-01
1.125000000000000028e-01
1.179687499999999972e-01
1.230468750000000000e-01
1.158203124999999944e-01
1.178710937500000028e-01
1.146484375000000056e-01
1.157226562500000000e-01
1.175781250000000056e-01
1.166992187500000000e-01
1.154296875000000028e-01
1.111328124999999972e-01
1.186523437500000000e-01
1.198242187500000028e-01
1.123046875000000000e-01
1.133789062499999944e-01
1.163085937499999944e-01
1.125000000000000028e-01
1.139648437500000028e-01
1.208007812500000028e-01
1.174804687499999972e-01
1.151367187500000056e-01
1.109374999999999944e-01
1.159179687500000028e-01
1.182617187499999944e-01
1.189453124999999972e-01
1.171875000000000000e-01
1.201171875000000000e-01
1.201171875000000000e-01
1.249023437500000056e-01
1.149414062500000028e-01
1.243164062499999972e-01
1.178710937500000028e-01
1.166992187500000000e-01
1.198242187500000028e-01
1.167968749999999944e-01
1.194335937499999972e-01
1.161132812500000056e-01
1.207031249999999944e-01
1.190429687500000056e-01
1.239257812500000056e-01
1.182617187499999944e-01
1.174804687499999972e-01
1.231445312499999944e-01
1.208984374999999972e-01
1.133789062499999944e-01
1.180664062500000056e-01
1.249023437500000056e-01
1.130859374999999972e-01
1.272460937500000111e-01
1.208984374999999972e-01
1.244140625000000056e-01
1.215820312500000000e-01
1.218749999999999972e-01
1.195312500000000056e-01
1.193359375000000028e-01
1.199218749999999972e-01
1.157226562500000000e-01
1.161132812500000056e-01
1.143554687499999944e-01
1.181640625000000000e-01
1.182617187499999944e-01
1.243164062499999972e-01
1.189453124999999972e-01
1.247070312500000028e-01
1.249023437500000056e-01
1.142578125000000000e-01
1.231445312499999944e-01
1.189453124999999972e-01
1.152343750000000000e-01
1.206054687500000000e-01
1.220703125000000000e-01
1.291015624999999889e-01
1.238281249999999972e-01
1.190429687500000056e-01
1.205078125000000056e-01
1.222656250000000028e-01
1.153320312499999944e-01
1.212890625000000028e-01
1.247070312500000028e-01
1.152343750000000000e-01
1.247070312500000028e-01
1.182617187499999944e-01
1.140624999999999972e-01
1.215820312500000000e-01
1.144531250000000028e-01
1.220703125000000000e-01
1.126953125000000056e-01
1.224609375000000056e-01
1.217773437500000028e-01
1.209960937500000056e-01
1.222656250000000028e-01
1.236328124999999944e-01
1.191406250000000000e-01
1.133789062499999944e-01
1.192382812499999944e-01
1.213867187499999972e-01
1.170898437500000056e-01
1.158203124999999944e-01
1.134765625000000028e-01
1.203125000000000028e-01
1.249023437500000056e-01
1.182617187499999944e-01
1.179687499999999972e-01
1.166992187500000000e-01
1.213867187499999972e-01
1.114257812499999944e-01
1.164062500000000028e-01
1.175781250000000056e-01
1.218749999999999972e-01
1.178710937500000028e-01
1.214843750000000056e-01
1.150390624999999972e-01
1.198242187500000028e-01
1.222656250000000028e-01
1.221679687499999944e-01
1.182617187499999944e-01
1.160156249999999972e-01
1.210937500000000000e-01
1.214843750000000056e-01
1.206054687500000000e-01
1.235351562500000000e-01
1.132812500000000000e-01
1.238281249999999972e-01
1.228515624999999972e-01
1.177734374999999944e-01
1.151367187500000056e-01
1.217773437500000028e-01
1.151367187500000056e-01
1.188476562500000028e-01
1.167968749999999944e-01
1.176757812500000000e-01
1.166992187500000000e-01
1.212890625000000028e-01
1.133789062499999944e-01
1.226562499999999944e-01
1.172851562499999944e-01
1.168945312500000028e-01
1.164062500000000028e-01
1.195312500000000056e-01
1.140624999999999972e-01
1.204101562499999972e-01
1.165039062499999972e-01
1.172851562499999944e-01
1.170898437500000056e-01
1.125976562499999972e-01
1.167968749999999944e-01
1.162109375000000000e-01
1.089843749999999944e-01
1.229492187500000056e-01
1.135742187499999972e-01
1.159179687500000028e-01
1.106445312499999972e-01
1.190429687500000056e-01
1.123046875000000000e-01
1.227539062500000028e-01
1.080078124999999944e-01
1.096679687499999972e-01
1.123046875000000000e-01
1.167968749999999944e-01
1.145507812499999972e-01
1.140624999999999972e-01
1.096679687499999972e-01
1.168945312500000028e-01
1.135742187499999972e-01
1.161132812500000056e-01
1.123046875000000000e-01
1.154296875000000028e-01
1.170898437500000056e-01
1.234375000000000056e-01
1.185546875000000056e-01
1.173828125000000028e-01
1.184570312499999972e-01
1.173828125000000028e-01
1.173828125000000028e-01
1.148437499999999944e-01
1.154296875000000028e-01
1.186523437500000000e-01
1.141601562500000056e-01
1.126953125000000056e-01
1.201171875000000000e-01
1.123046875000000000e-01
1.162109375000000000e-01
1.175781250000000056e-01
1.166992187500000000e-01
1.154296875000000028e-01
1.161132812500000056e-01
1.143554687499999944e-01
1.153320312499999944e-01
1.155273437499999972e-01
1.104492187499999944e-01
1.060546874999999944e-01
1.153320312499999944e-01
1.167968749999999944e-01
1.129882812500000028e-01
1.135742187499999972e-01
1.134765625000000028e-01
1.124023437499999944e-01
1.150390624999999972e-01
1.169921874999999972e-01
1.141601562500000056e-01
1.159179687500000028e-01
1.154296875000000028e-01
1.135742187499999972e-01
1.145507812499999972e-01
1.167968749999999944e-01
1.152343750000000000e-01
1.125976562499999972e-01
1.229492187500000056e-01
1.128906249999999944e-01
1.125976562499999972e-01
1.136718750000000056e-01
1.118164062500000000e-01
1.126953125000000056e-01
1.151367187500000056e-01
1.136718750000000056e-01
1.157226562500000000e-01
1.155273437499999972e-01
1.178710937500000028e-01
1.164062500000000028e-01
1.142578125000000000e-01
1.207031249999999944e-01
1.173828125000000028e-01
1.126953125000000056e-01
1.099609374999999944e-01
1.167968749999999944e-01
1.202148437499999944e-01
1.151367187500000056e-01
1.153320312499999944e-01
1.189453124999999972e-01
1.170898437500000056e-01
1.226562499999999944e-01
1.148437499999999944e-01
1.191406250000000000e-01
1.159179687500000028e-01
1.157226562500000000e-01
1.177734374999999944e-01
1.176757812500000000e-01
1.152343750000000000e-01
1.152343750000000000e-01
1.189453124999999972e-01
1.129882812500000028e-01
1.220703125000000000e-01
1.207031249999999944e-01
1.196289062500000000e-01
1.202148437499999944e-01
1.123046875000000000e-01
1.242187500000000028e-01
1.253906250000000056e-01
1.163085937499999944e-01
1.136718750000000056e-01
1.254882812500000000e-01
1.225585937500000000e-01
1.190429687500000056e-01
1.121093749999999972e-01
1.205078125000000056e-01
1.246093749999999944e-01
1.181640625000000000e-01
1.272460937500000111e-01
1.250976562499999944e-01
1.241210937499999944e-01
1.166015625000000056e-01
1.229492187500000056e-01
1.256835937499999889e-01
1.167968749999999944e-01
1.187499999999999944e-01
1.240234375000000000e-01
1.226562499999999944e-01
1.240234375000000000e-01
1.249023437500000056e-01
1.262695312500000111e-01
1.225585937500000000e-01
1.161132812500000056e-01
1.212890625000000028e-01
1.306640625000000111e-01
1.239257812500000056e-01
1.273437500000000056e-01
1.277343750000000111e-01
1.234375000000000056e-01
1.269531250000000000e-01
1.340820312500000111e-01
1.266601562499999889e-01
1.264648437500000000e-01
1.250000000000000000e-01
1.265624999999999944e-01
1.259765625000000000e-01
1.256835937499999889e-01
1.266601562499999889e-01
1.279296875000000000e-01
1.278320312500000056e-01
1.287109375000000111e-01
1.313476562500000000e-01
1.233398437499999972e-01
1.295898437499999889e-01
1.290039062499999944e-01
1.342773437500000000e-01
1.245117187500000000e-01
1.248046874999999972e-01
1.294921874999999944e-01
1.259765625000000000e-01
1.273437500000000056e-01
1.340820312500000111e-01
1.310546874999999889e-01
1.330078124999999889e-01
1.350585937500000111e-01
1.335937500000000111e-01
1.328125000000000000e-01
1.276367187499999889e-01
1.346679687500000056e-01
1.297851562500000056e-01
1.391601562500000000e-01
1.311523437500000111e-01
1.324218749999999944e-01
1.449218750000000056e-01
1.343749999999999944e-01
1.318359375000000000e-01
1.317382812500000056e-01
1.334960937499999889e-01
1.259765625000000000e-01
1.308593750000000000e-01
1.322265625000000056e-01
1.351562500000000056e-01
1.353515624999999944e-01
1.300781249999999889e-01
1.341796875000000056e-01
1.306640625000000111e-01
1.375976562500000056e-01
1.338867187499999944e-01
1.320312499999999889e-01
1.303710937500000000e-01
1.294921874999999944e-01
1.375000000000000111e-01
1.342773437500000000e-01
1.358398437499999944e-01
1.375976562500000056e-01
1.415039062500000056e-01
1.392578124999999944e-01
1.348632812499999944e-01
1.335937500000000111e-01
1.335937500000000111e-01
1.434570312500000056e-01
1.362304687500000000e-01
1.290039062499999944e-01
1.386718750000000000e-01
1.355468750000000111e-01
1.348632812499999944e-01
1.368164062499999944e-01
1.335937500000000111e-01
1.314453124999999944e-01
1.291015624999999889e-01
1.349609374999999889e-01
1.342773437500000000e-01
1.365234375000000111e-01
1.315429687499999889e-01
1.377929687499999944e-01
1.400390625000000056e-01
1.347656250000000000e-01
1.357421875000000000e-01
1.385742187500000056e-01
1.323242187500000000e-01
1.313476562500000000e-01
1.348632812499999944e-01
1.405273437500000056e-01
1.395507812500000056e-01
1.313476562500000000e-01
1.354492187499999889e-01
1.377929687499999944e-01
1.341796875000000056e-01
1.346679687500000056e-01
1.385742187500000056e-01
1.346679687500000056e-01
1.333007812500000000e-01
1.268554687500000056e-01
1.308593750000000000e-01
1.357421875000000000e-01
1.228515624999999972e-01
1.331054687500000111e-01
1.359374999999999889e-01
1.304687499999999944e-01
1.271484374999999889e-01
1.303710937500000000e-01
1.247070312500000028e-01
1.309570312499999944e-01
1.319335937499999944e-01
1.299804687499999944e-01
1.264648437500000000e-01
1.229492187500000056e-01
1.261718749999999889e-01
1.284179687500000000e-01
1.216796874999999944e-01
1.338867187499999944e-01
1.192382812499999944e-01
1.226562499999999944e-01
1.216796874999999944e-01
1.239257812500000056e-01
1.194335937499999972e-01
1.226562499999999944e-01
1.229492187500000056e-01
1.217773437500000028e-01
1.211914062499999944e-01
1.201171875000000000e-01
1.179687499999999972e-01
1.236328124999999944e-01
1.195312500000000056e-01
1.291992187500000111e-01
1.189453124999999972e-01
1.203125000000000028e-01
1.193359375000000028e-01
1.213867187499999972e-01
1.206054687500000000e-01
1.180664062500000056e-01
1.131835937500000056e-01
1.173828125000000028e-01
1.094726562499999944e-01
1.112304687500000056e-01
1.175781250000000056e-01
1.189453124999999972e-01
1.142578125000000000e-01
1.143554687499999944e-01
1.107421875000000056e-01
1.020507812500000000e-01
1.101562499999999972e-01
1.073242187500000056e-01
1.064453125000000000e-01
1.090820312500000028e-01
1.091796874999999972e-01
1.068359375000000056e-01
1.051757812500000028e-01
1.071289062500000028e-01
1.073242187500000056e-01
1.034179687500000056e-01
9.892578124999999722e-02
1.011718749999999944e-01
1.018554687499999972e-01
1.000000000000000056e-01
9.912109375000000000e-02
1.053710937500000056e-01
1.008789062499999972e-01
9.433593749999999445e-02
8.867187499999999722e-02
9.697265624999999722e-02
1.009765625000000056e-01
9.580078124999999445e-02
9.296875000000000278e-02
9.394531250000000278e-02
9.394531250000000278e-02
9.345703125000000278e-02
9.072265625000000555e-02
8.935546875000000000e-02
8.710937500000000278e-02
8.964843749999999722e-02
9.257812499999999722e-02
8.476562499999999722e-02
8.583984375000000555e-02
8.701171874999999445e-02
8.906250000000000278e-02
7.880859375000000278e-02
8.183593749999999722e-02
7.919921874999999445e-02
7.871093749999999445e-02
7.714843750000000000e-02
7.958984375000000000e-02
7.675781249999999445e-02
7.988281249999999722e-02
7.080078125000000000e-02
7.998046875000000555e-02
6.875000000000000555e-02
7.255859374999999722e-02
7.216796875000000555e-02
6.738281250000000000e-02
6.982421875000000000e-02
7.607421875000000555e-02
7.402343749999999722e-02
6.572265624999999722e-02
6.992187499999999445e-02
6.748046874999999445e-02
6.923828125000000555e-02
6.572265624999999722e-02
6.357421874999999445e-02
6.083984374999999722e-02
6.240234374999999861e-02
5.908203125000000000e-02
5.615234375000000000e-02
5.878906250000000278e-02
5.664062500000000000e-02
6.054687500000000000e-02
5.703124999999999861e-02
5.625000000000000139e-02
5.166015624999999861e-02
5.468750000000000000e-02
5.312499999999999861e-02
5.214843749999999861e-02
4.873046874999999861e-02
5.332031250000000139e-02
4.902343750000000278e-02
4.951171875000000278e-02
4.921874999999999861e-02
4.570312499999999722e-02
4.677734374999999861e-02
4.589843750000000000e-02
4.238281249999999861e-02
4.472656249999999722e-02
4.238281249999999861e-02
4.101562500000000000e-02
4.462890625000000278e-02
4.248046875000000000e-02
3.964843750000000139e-02
3.818359375000000139e-02
3.525390625000000139e-02
3.330078125000000139e-02
3.408203124999999861e-02
3.603515624999999861e-02
3.798828124999999861e-02
3.369140625000000000e-02
3.037109375000000139e-02
3.203124999999999722e-02
2.998046874999999931e-02
2.802734374999999931e-02
2.900390624999999931e-02
2.871093749999999861e-02
2.763671875000000069e-02
2.539062500000000000e-02
2.812500000000000069e-02
2.666015625000000069e-02
2.666015625000000069e-02
2.275390625000000069e-02
2.333984374999999861e-02
2.197265625000000000e-02
2.343750000000000000e-02
1.894531249999999861e-02
1.767578125000000139e-02
1.943359374999999861e-02
1.816406250000000139e-02
1.572265625000000139e-02
1.591796875000000069e-02
1.767578125000000139e-02
1.777343749999999931e-02
1.337890624999999931e-02
1.425781249999999965e-02
1.347656250000000069e-02
1.601562499999999861e-02
1.142578124999999931e-02
1.240234374999999931e-02
1.181640624999999965e-02
1.113281250000000035e-02
1.250000000000000069e-02
1.054687500000000069e-02
9.082031250000000694e-03
7.910156249999999653e-03
0.000000000000000000e+00
0.000000000000000000e+00
0.000000000000000000e+00
0.000000000000000000e+00
0.000000000000000000e+00
0.000000000000000000e+00
0.000000000000000000e+00
0.000000000000000000e+00
0.000000000000000000e+00
0.000000000000000000e+00
0.000000000000000000e+00
0.000000000000000000e+00
0.000000000000000000e+00
0.000000000000000000e+00
0.000000000000000000e+00
0.000000000000000000e+00
0.000000000000000000e+00
0.000000000000000000e+00
0.000000000000000000e+00
0.000000000000000000e+00
0.000000000000000000e+00
0.000000000000000000e+00
0.000000000000000000e+00
0.000000000000000000e+00
0.000000000000000000e+00
