0.000000000000000000e+00
0.000000000000000000e+00
0.000000000000000000e+00
0.000000000000000000e+00
0.000000000000000000e+00
0.000000000000000000e+00
0.000000000000000000e+00
0.000000000000000000e+00
0.000000000000000000e+00
0.000000000000000000e+00
0.000000000000000000e+00
0.000000000000000000e+00
0.000000000000000000e+00
0.000000000000000000e+00
0.000000000000000000e+00
0.000000000000000000e+00
0.000000000000000000e+00
0.000000000000000000e+00
0.000000000000000000e+00
0.000000000000000000e+00
0.000000000000000000e+00
0.000000000000000000e+00
0.000000000000000000e+00
0.000000000000000000e+00
0.000000000000000000e+00
8.886718749999999653e-03
8.691406250000000347e-03
1.015625000000000035e-02
9.277343750000000000e-03
1.113281250000000035e-02
1.103515625000000069e-02
1.152343750000000069e-02
1.230468749999999965e-02
1.425781249999999965e-02
1.386718749999999931e-02
1.201171875000000069e-02
1.357421875000000035e-02
1.503906250000000035e-02
1.533203124999999931e-02
1.474609374999999965e-02
1.640625000000000069e-02
1.621093750000000139e-02
1.708984375000000000e-02
1.777343749999999931e-02
1.816406250000000139e-02
2.060546875000000139e-02
2.255859375000000139e-02
2.080078125000000069e-02
2.050781250000000000e-02
2.509765624999999931e-02
2.480468749999999861e-02
2.373046875000000069e-02
2.353515625000000139e-02
2.910156250000000069e-02
2.841796875000000139e-02
2.861328125000000069e-02
3.134765625000000139e-02
2.822265624999999861e-02
2.880859375000000000e-02
3.007812500000000069e-02
3.046874999999999931e-02
3.339843750000000278e-02
3.720703125000000139e-02
3.408203124999999861e-02
4.062500000000000139e-02
3.398437499999999722e-02
3.818359375000000139e-02
3.896484374999999861e-02
4.062500000000000139e-02
4.189453124999999861e-02
4.101562500000000000e-02
4.355468750000000139e-02
4.355468750000000139e-02
4.443359375000000000e-02
4.062500000000000139e-02
4.189453124999999861e-02
4.501953125000000139e-02
4.531249999999999861e-02
5.371093750000000000e-02
5.000000000000000278e-02
5.468750000000000000e-02
5.234375000000000139e-02
5.341796875000000278e-02
5.136718750000000139e-02
5.205078124999999722e-02
5.478515625000000139e-02
5.751953124999999861e-02
5.390625000000000278e-02
5.478515625000000139e-02
6.123046875000000278e-02
5.761718750000000000e-02
6.044921874999999861e-02
6.123046875000000278e-02
5.917968750000000139e-02
6.328124999999999722e-02
6.406249999999999445e-02
6.279296874999999722e-02
6.035156249999999722e-02
6.972656250000000555e-02
6.621093749999999722e-02
6.982421875000000000e-02
7.080078125000000000e-02
6.923828125000000555e-02
6.787109375000000000e-02
6.738281250000000000e-02
6.962890624999999722e-02
7.529296874999999445e-02
7.685546875000000278e-02
6.972656250000000555e-02
7.197265625000000278e-02
7.753906250000000555e-02
8.330078124999999722e-02
7.832031250000000278e-02
8.076171875000000278e-02
8.339843750000000555e-02
8.564453125000000278e-02
8.281249999999999722e-02
8.183593749999999722e-02
8.105468750000000000e-02
8.593750000000000000e-02
8.476562499999999722e-02
8.642578125000000000e-02
8.457031249999999445e-02
8.466796875000000278e-02
8.759765625000000278e-02
9.433593749999999445e-02
8.955078125000000278e-02
8.808593750000000278e-02
8.984375000000000000e-02
8.828125000000000555e-02
9.248046875000000278e-02
9.648437499999999722e-02
9.912109375000000000e-02
9.306640624999999722e-02
9.726562499999999445e-02
9.667968750000000000e-02
1.000000000000000056e-01
9.794921874999999722e-02
1.000000000000000056e-01
1.004882812500000056e-01
9.902343750000000555e-02
1.079101562500000000e-01
1.023437499999999972e-01
9.804687500000000555e-02
1.047851562499999972e-01
1.098632812500000000e-01
9.990234374999999722e-02
1.099609374999999944e-01
1.032226562500000028e-01
1.094726562499999944e-01
1.109374999999999944e-01
1.058593750000000056e-01
1.088867187500000000e-01
1.077148437499999972e-01
1.150390624999999972e-01
1.143554687499999944e-01
1.074218750000000000e-01
1.122070312500000056e-01
1.143554687499999944e-01
1.168945312500000028e-01
1.177734374999999944e-01
1.196289062500000000e-01
1.156250000000000056e-01
1.161132812500000056e-01
1.103515625000000000e-01
1.074218750000000000e-01
1.166015625000000056e-01
1.176757812500000000e-01
1.208984374999999972e-01
1.187499999999999944e-01
1.238281249999999972e-01
1.240234375000000000e-01
1.197265624999999944e-01
1.203125000000000028e-01
1.242187500000000028e-01
1.193359375000000028e-01
1.255859374999999944e-01
1.278320312500000056e-01
1.256835937499999889e-01
1.240234375000000000e-01
1.217773437500000028e-01
1.253906250000000056e-01
1.316406250000000111e-01
1.264648437500000000e-01
1.239257812500000056e-01
1.234375000000000056e-01
1.228515624999999972e-01
1.337890625000000000e-01
1.253906250000000056e-01
1.215820312500000000e-01
1.387695312499999944e-01
1.312500000000000056e-01
1.286132812499999889e-01
1.308593750000000000e-01
1.281249999999999889e-01
1.294921874999999944e-01
1.295898437499999889e-01
1.280273437499999944e-01
1.341796875000000056e-01
1.250976562499999944e-01
1.355468750000000111e-01
1.287109375000000111e-01
1.339843749999999889e-01
1.290039062499999944e-01
1.377929687499999944e-01
1.331054687500000111e-01
1.341796875000000056e-01
1.260742187499999944e-01
1.352539062500000000e-01
1.268554687500000056e-01
1.353515624999999944e-01
1.282226562500000111e-01
1.314453124999999944e-01
1.279296875000000000e-01
1.384765625000000111e-01
1.323242187500000000e-01
1.311523437500000111e-01
1.304687499999999944e-01
1.365234375000000111e-01
1.340820312500000111e-01
1.272460937500000111e-01
1.367187500000000000e-01
1.322265625000000056e-01
1.357421875000000000e-01
1.388671874999999889e-01
1.287109375000000111e-01
1.309570312499999944e-01
1.386718750000000000e-01
1.358398437499999944e-01
1.402343749999999944e-01
1.438476562500000111e-01
1.369140624999999889e-01
1.350585937500000111e-01
1.336914062500000056e-01
1.392578124999999944e-01
1.349609374999999889e-01
1.253906250000000056e-01
1.328125000000000000e-01
1.332031250000000056e-01
1.324218749999999944e-01
1.346679687500000056e-01
1.268554687500000056e-01
1.356445312500000056e-01
1.331054687500000111e-01
1.333007812500000000e-01
1.321289062500000111e-01
1.284179687500000000e-01
1.325195312499999889e-01
1.330078124999999889e-01
1.322265625000000056e-01
1.288085937500000056e-01
1.318359375000000000e-01
1.314453124999999944e-01
1.326171875000000111e-01
1.265624999999999944e-01
1.344726562499999889e-01
1.375976562500000056e-01
1.290039062499999944e-01
1.404296875000000111e-01
1.283203125000000056e-01
1.318359375000000000e-01
1.330078124999999889e-01
1.309570312499999944e-01
1.319335937499999944e-01
1.334960937499999889e-01
1.290039062499999944e-01
1.286132812499999889e-01
1.349609374999999889e-01
1.320312499999999889e-01
1.294921874999999944e-01
1.314453124999999944e-01
1.233398437499999972e-01
1.312500000000000056e-01
1.314453124999999944e-01
1.201171875000000000e-01
1.279296875000000000e-01
1.265624999999999944e-01
1.296875000000000111e-01
1.240234375000000000e-01
1.284179687500000000e-01
1.322265625000000056e-01
1.277343750000000111e-01
1.232421875000000028e-01
1.292968750000000056e-01
1.285156249999999944e-01
1.242187500000000028e-01
1.276367187499999889e-01
1.238281249999999972e-01
1.267578125000000111e-01
1.309570312499999944e-01
1.190429687500000056e-01
1.279296875000000000e-01
1.245117187500000000e-01
1.279296875000000000e-01
1.273437500000000056e-01
1.254882812500000000e-01
1.276367187499999889e-01
1.199218749999999972e-01
1.256835937499999889e-01
1.312500000000000056e-01
1.222656250000000028e-01
1.225585937500000000e-01
1.221679687499999944e-01
1.269531250000000000e-01
1.236328124999999944e-01
1.199218749999999972e-01
1.257812500000000111e-01
1.206054687500000000e-01
1.219726562500000056e-01
1.149414062500000028e-01
1.244140625000000056e-01
1.204101562499999972e-01
1.181640625000000000e-01
1.253906250000000056e-01
1.191406250000000000e-01
1.266601562499999889e-01
1.204101562499999972e-01
1.235351562500000000e-01
1.199218749999999972e-01
1.181640625000000000e-01
1.208007812500000028e-01
1.168945312500000028e-01
1.205078125000000056e-01
1.198242187500000028e-01
1.172851562499999944e-01
1.212890625000000028e-01
1.212890625000000028e-01
1.251953124999999889e-01
1.212890625000000028e-01
1.244140625000000056e-01
1.267578125000000111e-01
1.143554687499999944e-01
1.158203124999999944e-01
1.148437499999999944e-01
1.142578125000000000e-01
1.151367187500000056e-01
1.175781250000000056e-01
1.179687499999999972e-01
1.140624999999999972e-01
1.206054687500000000e-01
1.172851562499999944e-01
1.180664062500000056e-01
1.153320312499999944e-01
1.201171875000000000e-01
1.189453124999999972e-01
1.175781250000000056e-01
1.166015625000000056e-01
1.155273437499999972e-01
1.117187500000000056e-01
1.128906249999999944e-01
1.207031249999999944e-01
1.144531250000000028e-01
1.229492187500000056e-01
1.144531250000000028e-01
1.129882812500000028e-01
1.222656250000000028e-01
1.131835937500000056e-01
1.159179687500000028e-01
1.176757812500000000e-01
1.186523437500000000e-01
1.173828125000000028e-01
1.193359375000000028e-01
1.137695312500000000e-01
1.181640625000000000e-01
1.140624999999999972e-01
1.195312500000000056e-01
1.177734374999999944e-01
1.164062500000000028e-01
1.174804687499999972e-01
1.205078125000000056e-01
1.154296875000000028e-01
1.160156249999999972e-01
1.151367187500000056e-01
1.112304687500000056e-01
1.132812500000000000e-01
1.120117187500000028e-01
1.116210937499999972e-01
1.200195312500000056e-01
1.103515625000000000e-01
1.128906249999999944e-01
1.160156249999999972e-01
1.156250000000000056e-01
1.173828125000000028e-01
1.138671874999999944e-01
1.175781250000000056e-01
1.161132812500000056e-01
1.124023437499999944e-01
1.117187500000000056e-01
1.163085937499999944e-01
1.150390624999999972e-01
1.125000000000000028e-01
1.160156249999999972e-01
1.105468750000000028e-01
1.171875000000000000e-01
1.131835937500000056e-01
1.130859374999999972e-01
1.112304687500000056e-01
1.113281250000000000e-01
1.185546875000000056e-01
1.225585937500000000e-01
1.174804687499999972e-01
1.217773437500000028e-01
1.144531250000000028e-01
1.154296875000000028e-01
1.156250000000000056e-01
1.173828125000000028e-01
1.109374999999999944e-01
1.159179687500000028e-01
1.175781250000000056e-01
1.143554687499999944e-01
1.180664062500000056e-01
1.153320312499999944e-01
1.188476562500000028e-01
1.203125000000000028e-01
1.126953125000000056e-01
1.148437499999999944e-01
1.172851562499999944e-01
1.143554687499999944e-01
1.139648437500000028e-01
1.201171875000000000e-01
1.222656250000000028e-01
1.086914062499999972e-01
1.156250000000000056e-01
1.128906249999999944e-01
1.192382812499999944e-01
1.172851562499999944e-01
1.114257812499999944e-01
1.147460937500000000e-01
1.141601562500000056e-01
1.131835937500000056e-01
1.141601562500000056e-01
1.197265624999999944e-01
1.223632812499999972e-01
1.155273437499999972e-01
1.210937500000000000e-01
1.124023437499999944e-01
1.212890625000000028e-01
1.149414062500000028e-01
1.200195312500000056e-01
1.154296875000000028e-01
1.188476562500000028e-01
1.180664062500000056e-01
1.168945312500000028e-01
1.155273437499999972e-01
1.220703125000000000e-01
1.210937500000000000e-01
1.194335937499999972e-01
1.126953125000000056e-01
1.206054687500000000e-01
1.155273437499999972e-01
1.125000000000000028e-01
1.219726562500000056e-01
1.188476562500000028e-01
1.198242187500000028e-01
1.114257812499999944e-01
1.194335937499999972e-01
1.213867187499999972e-01
1.177734374999999944e-01
1.129882812500000028e-01
1.184570312499999972e-01
1.193359375000000028e-01
1.223632812499999972e-01
1.196289062500000000e-01
1.098632812500000000e-01
1.142578125000000000e-01
1.174804687499999972e-01
1.238281249999999972e-01
1.141601562500000056e-01
1.206054687500000000e-01
1.145507812499999972e-01
1.183593750000000028e-01
1.250000000000000000e-01
1.095703125000000028e-01
1.176757812500000000e-01
1.189453124999999972e-01
1.188476562500000028e-01
1.181640625000000000e-01
1.216796874999999944e-01
1.172851562499999944e-01
1.195312500000000056e-01
1.161132812500000056e-01
1.192382812499999944e-01
1.241210937499999944e-01
1.211914062499999944e-01
1.221679687499999944e-01
1.208007812500000028e-01
1.249023437500000056e-01
1.192382812499999944e-01
1.209960937500000056e-01
1.209960937500000056e-01
1.198242187500000028e-01
1.277343750000000111e-01
1.211914062499999944e-01
1.219726562500000056e-01
1.183593750000000028e-01
1.212890625000000028e-01
1.159179687500000028e-01
1.199218749999999972e-01
1.168945312500000028e-01
1.149414062500000028e-01
1.198242187500000028e-01
1.214843750000000056e-01
1.170898437500000056e-01
1.249023437500000056e-01
1.174804687499999972e-01
1.212890625000000028e-01
1.215820312500000000e-01
1.255859374999999944e-01
1.252929687500000111e-01
1.150390624999999972e-01
1.175781250000000056e-01
1.184570312499999972e-01
1.191406250000000000e-01
1.203125000000000028e-01
1.222656250000000028e-01
1.204101562499999972e-01
1.180664062500000056e-01
1.244140625000000056e-01
1.194335937499999972e-01
1.188476562500000028e-01
1.165039062499999972e-01
1.238281249999999972e-01
1.181640625000000000e-01
1.156250000000000056e-01
1.214843750000000056e-01
1.208984374999999972e-01
1.223632812499999972e-01
1.147460937500000000e-01
1.148437499999999944e-01
1.273437500000000056e-01
1.169921874999999972e-01
1.162109375000000000e-01
1.201171875000000000e-01
1.135742187499999972e-01
1.146484375000000056e-01
1.196289062500000000e-01
1.139648437500000028e-01
1.151367187500000056e-01
1.184570312499999972e-01
1.229492187500000056e-01
1.165039062499999972e-01
1.244140625000000056e-01
1.188476562500000028e-01
1.198242187500000028e-01
1.206054687500000000e-01
1.203125000000000028e-01
1.183593750000000028e-01
1.158203124999999944e-01
1.186523437500000000e-01
1.184570312499999972e-01
1.134765625000000028e-01
1.210937500000000000e-01
1.151367187500000056e-01
1.168945312500000028e-01
1.169921874999999972e-01
1.183593750000000028e-01
1.216796874999999944e-01
1.099609374999999944e-01
1.171875000000000000e-01
1.200195312500000056e-01
1.213867187499999972e-01
1.202148437499999944e-01
1.128906249999999944e-01
1.171875000000000000e-01
1.198242187500000028e-01
1.132812500000000000e-01
1.233398437499999972e-01
1.237304687500000028e-01
1.116210937499999972e-01
1.147460937500000000e-01
1.166992187500000000e-01
1.132812500000000000e-01
1.191406250000000000e-01
1.215820312500000000e-01
1.200195312500000056e-01
1.143554687499999944e-01
1.087890625000000056e-01
1.150390624999999972e-01
1.157226562500000000e-01
1.210937500000000000e-01
1.163085937499999944e-01
1.173828125000000028e-01
1.207031249999999944e-01
1.148437499999999944e-01
1.216796874999999944e-01
1.172851562499999944e-01
1.222656250000000028e-01
1.160156249999999972e-01
1.182617187499999944e-01
1.145507812499999972e-01
1.175781250000000056e-01
1.128906249999999944e-01
1.152343750000000000e-01
1.110351562500000028e-01
1.169921874999999972e-01
1.119140624999999944e-01
1.171875000000000000e-01
1.182617187499999944e-01
1.150390624999999972e-01
1.153320312499999944e-01
1.183593750000000028e-01
1.125000000000000028e-01
1.132812500000000000e-01
1.173828125000000028e-01
1.198242187500000028e-01
1.116210937499999972e-01
1.177734374999999944e-01
1.173828125000000028e-01
1.108398437500000000e-01
1.118164062500000000e-01
1.156250000000000056e-01
1.111328124999999972e-01
1.092773437500000056e-01
1.146484375000000056e-01
1.163085937499999944e-01
1.152343750000000000e-01
1.132812500000000000e-01
1.147460937500000000e-01
1.208007812500000028e-01
1.106445312499999972e-01
1.166015625000000056e-01
1.144531250000000028e-01
1.149414062500000028e-01
1.122070312500000056e-01
1.199218749999999972e-01
1.156250000000000056e-01
1.196289062500000000e-01
1.162109375000000000e-01
1.179687499999999972e-01
1.148437499999999944e-01
1.180664062500000056e-01
1.194335937499999972e-01
1.153320312499999944e-01
1.132812500000000000e-01
1.138671874999999944e-01
1.183593750000000028e-01
1.155273437499999972e-01
1.171875000000000000e-01
1.154296875000000028e-01
1.175781250000000056e-01
1.119140624999999944e-01
1.149414062500000028e-01
1.150390624999999972e-01
1.176757812500000000e-01
1.116210937499999972e-01
1.123046875000000000e-01
1.125000000000000028e-01
1.162109375000000000e-01
1.169921874999999972e-01
1.162109375000000000e-01
1.220703125000000000e-01
1.111328124999999972e-01
1.176757812500000000e-01
1.158203124999999944e-01
1.198242187500000028e-01
1.202148437499999944e-01
1.176757812500000000e-01
1.117187500000000056e-01
1.157226562500000000e-01
1.139648437500000028e-01
1.136718750000000056e-01
1.097656250000000056e-01
1.195312500000000056e-01
1.185546875000000056e-01
1.125976562499999972e-01
1.188476562500000028e-01
1.108398437500000000e-01
1.127929687500000000e-01
1.116210937499999972e-01
1.117187500000000056e-01
1.201171875000000000e-01
1.125000000000000028e-01
1.171875000000000000e-01
1.162109375000000000e-01
1.191406250000000000e-01
1.175781250000000056e-01
1.192382812499999944e-01
1.148437499999999944e-01
1.218749999999999972e-01
1.175781250000000056e-01
1.221679687499999944e-01
1.187499999999999944e-01
1.203125000000000028e-01
1.208007812500000028e-01
1.208984374999999972e-01
1.181640625000000000e-01
1.232421875000000028e-01
1.247070312500000028e-01
1.144531250000000028e-01
1.241210937499999944e-01
1.208007812500000028e-01
1.258789062500000056e-01
1.250000000000000000e-01
1.208007812500000028e-01
1.223632812499999972e-01
1.241210937499999944e-01
1.217773437500000028e-01
1.220703125000000000e-01
1.267578125000000111e-01
1.199218749999999972e-01
1.230468750000000000e-01
1.195312500000000056e-01
1.164062500000000028e-01
1.284179687500000000e-01
1.247070312500000028e-01
1.164062500000000028e-01
1.208007812500000028e-01
1.282226562500000111e-01
1.260742187499999944e-01
1.196289062500000000e-01
1.253906250000000056e-01
1.245117187500000000e-01
1.260742187499999944e-01
1.250000000000000000e-01
1.276367187499999889e-01
1.236328124999999944e-01
1.338867187499999944e-01
1.271484374999999889e-01
1.215820312500000000e-01
1.282226562500000111e-01
1.328125000000000000e-01
1.244140625000000056e-01
1.275390624999999944e-01
1.257812500000000111e-01
1.311523437500000111e-01
1.264648437500000000e-01
1.288085937500000056e-01
1.343749999999999944e-01
1.290039062499999944e-01
1.304687499999999944e-01
1.317382812500000056e-01
1.247070312500000028e-01
1.298828125000000000e-01
1.314453124999999944e-01
1.270507812499999944e-01
1.310546874999999889e-01
1.364257812499999889e-01
1.318359375000000000e-01
1.269531250000000000e-01
1.289062500000000000e-01
1.299804687499999944e-01
1.307617187500000056e-01
1.335937500000000111e-01
1.309570312499999944e-01
1.321289062500000111e-01
1.366210937500000056e-01
1.383789062499999889e-01
1.365234375000000111e-01
1.310546874999999889e-01
1.361328125000000056e-01
1.332031250000000056e-01
1.358398437499999944e-01
1.415039062500000056e-01
1.340820312500000111e-01
1.348632812499999944e-01
1.357421875000000000e-01
1.340820312500000111e-01
1.385742187500000056e-01
1.397460937499999944e-01
1.383789062499999889e-01
1.298828125000000000e-01
1.332031250000000056e-01
1.308593750000000000e-01
1.385742187500000056e-01
1.340820312500000111e-01
1.359374999999999889e-01
1.365234375000000111e-01
1.372070312500000000e-01
1.350585937500000111e-01
1.334960937499999889e-01
1.313476562500000000e-01
1.431640624999999944e-01
1.354492187499999889e-01
1.384765625000000111e-01
1.310546874999999889e-01
1.378906249999999889e-01
1.347656250000000000e-01
1.382812499999999944e-01
1.344726562499999889e-01
1.343749999999999944e-01
1.294921874999999944e-01
1.337890625000000000e-01
1.370117187500000111e-01
1.405273437500000056e-01
1.365234375000000111e-01
1.353515624999999944e-01
1.411132812500000000e-01
1.293945312500000000e-01
1.380859375000000056e-01
1.363281249999999944e-01
1.363281249999999944e-01
1.394531250000000111e-01
1.431640624999999944e-01
1.331054687500000111e-01
1.374023437499999889e-01
1.305664062499999889e-01
1.354492187499999889e-01
1.252929687500000111e-01
1.352539062500000000e-01
1.338867187499999944e-01
1.382812499999999944e-01
1.349609374999999889e-01
1.328125000000000000e-01
1.328125000000000000e-01
1.301757812500000111e-01
1.250000000000000000e-01
1.326171875000000111e-01
1.306640625000000111e-01
1.325195312499999889e-01
1.323242187500000000e-01
1.197265624999999944e-01
1.283203125000000056e-01
1.321289062500000111e-01
1.340820312500000111e-01
1.307617187500000056e-01
1.321289062500000111e-01
1.304687499999999944e-01
1.270507812499999944e-01
1.259765625000000000e-01
1.262695312500000111e-01
1.333984374999999944e-01
1.198242187500000028e-01
1.271484374999999889e-01
1.247070312500000028e-01
1.199218749999999972e-01
1.225585937500000000e-01
1.274414062500000000e-01
1.239257812500000056e-01
1.213867187499999972e-01
1.247070312500000028e-01
1.198242187500000028e-01
1.238281249999999972e-01
1.185546875000000056e-01
1.229492187500000056e-01
1.166992187500000000e-01
1.163085937499999944e-01
1.211914062499999944e-01
1.209960937500000056e-01
1.150390624999999972e-01
1.181640625000000000e-01
1.134765625000000028e-01
1.135742187499999972e-01
1.142578125000000000e-01
1.204101562499999972e-01
1.144531250000000028e-01
1.091796874999999972e-01
1.235351562500000000e-01
1.116210937499999972e-01
1.148437499999999944e-01
1.097656250000000056e-01
1.173828125000000028e-01
1.056640625000000028e-01
1.083984375000000000e-01
1.088867187500000000e-01
1.020507812500000000e-01
1.018554687499999972e-01
1.094726562499999944e-01
1.044921875000000000e-01
1.060546874999999944e-01
1.053710937500000056e-01
1.008789062499999972e-01
1.070312499999999944e-01
1.023437499999999972e-01
9.726562499999999445e-02
1.030273437500000000e-01
1.008789062499999972e-01
1.013671874999999972e-01
9.384765624999999445e-02
9.531249999999999445e-02
9.726562499999999445e-02
9.775390624999999445e-02
9.404296874999999722e-02
9.619140625000000000e-02
9.355468749999999722e-02
9.189453124999999445e-02
9.101562500000000278e-02
8.447265625000000000e-02
9.921874999999999445e-02
8.564453125000000278e-02
9.433593749999999445e-02
8.554687499999999445e-02
8.642578125000000000e-02
8.691406250000000000e-02
8.369140625000000278e-02
8.359374999999999445e-02
8.281249999999999722e-02
7.988281249999999722e-02
7.792968749999999722e-02
7.539062500000000278e-02
7.539062500000000278e-02
8.574218749999999722e-02
7.880859375000000278e-02
7.392578125000000278e-02
7.343750000000000278e-02
7.646484374999999722e-02
7.070312500000000555e-02
7.441406250000000278e-02
7.197265625000000278e-02
7.197265625000000278e-02
6.689453125000000000e-02
6.621093749999999722e-02
6.718749999999999722e-02
6.767578124999999722e-02
6.865234374999999722e-02
6.660156250000000278e-02
5.849609374999999861e-02
6.396484375000000000e-02
6.240234374999999861e-02
6.328124999999999722e-02
5.917968750000000139e-02
6.250000000000000000e-02
6.269531250000000278e-02
5.761718750000000000e-02
5.751953124999999861e-02
5.839843749999999722e-02
5.625000000000000139e-02
5.449218749999999722e-02
5.546874999999999722e-02
5.322265625000000000e-02
5.126953125000000000e-02
5.507812499999999861e-02
5.625000000000000139e-02
4.970703124999999861e-02
5.312499999999999861e-02
4.912109374999999722e-02
4.921874999999999861e-02
4.521484374999999722e-02
4.374999999999999722e-02
4.316406250000000278e-02
4.199218750000000000e-02
4.374999999999999722e-02
4.140624999999999861e-02
4.150390625000000000e-02
4.150390625000000000e-02
3.769531250000000139e-02
3.740234374999999722e-02
3.564453125000000000e-02
3.544921874999999722e-02
3.955078125000000000e-02
3.544921874999999722e-02
2.958984375000000069e-02
3.349609374999999722e-02
3.193359375000000278e-02
2.783203125000000000e-02
3.046874999999999931e-02
2.861328125000000069e-02
2.714843750000000069e-02
2.871093749999999861e-02
2.519531250000000069e-02
2.402343750000000139e-02
2.675781249999999861e-02
2.460937499999999931e-02
2.304687500000000139e-02
2.294921875000000000e-02
2.148437500000000000e-02
2.392578125000000000e-02
1.904296875000000000e-02
1.757812500000000000e-02
1.806640625000000000e-02
1.796874999999999861e-02
1.572265625000000139e-02
1.669921875000000139e-02
1.386718749999999931e-02
1.357421875000000035e-02
1.425781249999999965e-02
1.035156249999999965e-02
1.660156250000000000e-02
1.337890624999999931e-02
1.181640624999999965e-02
1.093749999999999931e-02
1.015625000000000035e-02
9.667968750000000347e-03
9.667968750000000347e-03
9.277343750000000000e-03
9.570312500000000694e-03
0.000000000000000000e+00
0.000000000000000000e+00
0.000000000000000000e+00
0.000000000000000000e+00
0.000000000000000000e+00
0.000000000000000000e+00
0.000000000000000000e+00
0.000000000000000000e+00
0.000000000000000000e+00
0.000000000000000000e+00
0.000000000000000000e+00
0.000000000000000000e+00
0.000000000000000000e+00
0.000000000000000000e+00
0.000000000000000000e+00
0.000000000000000000e+00
0.000000000000000000e+00
0.000000000000000000e+00
0.000000000000000000e+00
0.000000000000000000e+00
0.000000000000000000e+00
0.000000000000000000e+00
0.000000000000000000e+00
0.000000000000000000e+00
0.000000000000000000e+00
