2.341653738829055698e+00
2.333906577787109971e+00
2.331181999112895031e+00
2.335847788494532562e+00
2.360212873008019407e+00
2.337628632199847178e+00
2.329434185405542923e+00
2.322609351281394563e+00
2.321156539568665522e+00
2.332586328733457393e+00
2.339416561115569060e+00
2.334206989268114540e+00
2.322811406662702804e+00
2.325290917843790606e+00
2.338517047173523711e+00
2.334830793011120953e+00
2.344310060225901271e+00
2.333422871277015087e+00
2.342179506041175419e+00
2.331773806794938508e+00
2.336184145701159398e+00
2.337127502488723252e+00
2.364867365833374091e+00
2.325176431409999633e+00
2.329312835233934287e+00
2.333577630599616093e+00
2.354862881450386247e+00
2.339539364037703795e+00
2.342503940815243269e+00
2.351033885841971927e+00
2.330238768514360181e+00
2.337711325136154095e+00
2.340314650985195755e+00
2.346335281416163987e+00
2.336794810182459159e+00
2.325943617102403493e+00
2.352995927051765968e+00
2.337164847306482773e+00
2.338282105175673919e+00
2.341418643957720036e+00
2.346303270475458280e+00
2.340647359375787495e+00
2.340627175526442283e+00
2.335699546861748299e+00
2.378975171252700527e+00
2.325333117219487544e+00
2.331106587941010666e+00
2.327705287239170584e+00
2.354744292331315769e+00
2.338233327918215032e+00
2.331014953618476770e+00
2.333070218326283030e+00
2.324537677241866440e+00
2.350376630443058001e+00
2.322448401053340383e+00
2.334665608498787126e+00
2.332652703278788930e+00
2.333604140026969365e+00
2.335654670901115892e+00
2.382623389576409512e+00
2.325782048008282921e+00
2.331374432902873828e+00
2.326722283782654443e+00
2.331359444000765002e+00
