0.000000000000000000e+00
0.000000000000000000e+00
0.000000000000000000e+00
0.000000000000000000e+00
0.000000000000000000e+00
0.000000000000000000e+00
0.000000000000000000e+00
0.000000000000000000e+00
0.000000000000000000e+00
0.000000000000000000e+00
0.000000000000000000e+00
0.000000000000000000e+00
0.000000000000000000e+00
0.000000000000000000e+00
0.000000000000000000e+00
0.000000000000000000e+00
0.000000000000000000e+00
0.000000000000000000e+00
0.000000000000000000e+00
0.000000000000000000e+00
0.000000000000000000e+00
0.000000000000000000e+00
0.000000000000000000e+00
0.000000000000000000e+00
0.000000000000000000e+00
7.714843750000000347e-03
7.910156249999999653e-03
1.005859375000000069e-02
1.152343750000000069e-02
9.374999999999999653e-03
1.083984374999999965e-02
1.259765625000000035e-02
1.250000000000000069e-02
1.201171875000000069e-02
1.367187500000000000e-02
1.308593750000000035e-02
1.406250000000000035e-02
1.669921875000000139e-02
1.425781249999999965e-02
1.816406250000000139e-02
1.787109375000000069e-02
1.865234375000000139e-02
2.050781250000000000e-02
2.001953125000000000e-02
2.089843749999999861e-02
2.119140624999999931e-02
1.962890625000000139e-02
2.392578125000000000e-02
2.343750000000000000e-02
2.226562500000000069e-02
2.587890625000000000e-02
2.343750000000000000e-02
2.480468749999999861e-02
3.007812500000000069e-02
2.714843750000000069e-02
3.095703124999999931e-02
3.115234374999999861e-02
2.978515625000000000e-02
2.988281250000000139e-02
3.330078125000000139e-02
3.330078125000000139e-02
3.359374999999999861e-02
3.691406249999999722e-02
3.779296875000000278e-02
3.623046875000000139e-02
3.818359375000000139e-02
3.808593750000000000e-02
4.179687499999999722e-02
4.345703125000000000e-02
4.208984375000000139e-02
4.140624999999999861e-02
4.755859375000000278e-02
4.716796874999999722e-02
4.453125000000000139e-02
4.472656249999999722e-02
4.775390624999999861e-02
4.775390624999999861e-02
5.048828125000000278e-02
4.921874999999999861e-02
5.410156249999999861e-02
5.107421874999999722e-02
5.244140625000000278e-02
5.380859375000000139e-02
5.576171875000000139e-02
5.537109375000000278e-02
5.019531249999999861e-02
5.576171875000000139e-02
5.390625000000000278e-02
5.878906250000000278e-02
5.644531249999999722e-02
6.240234374999999861e-02
6.035156249999999722e-02
6.191406249999999861e-02
5.917968750000000139e-02
6.298828125000000000e-02
6.337890625000000555e-02
6.093749999999999861e-02
6.748046874999999445e-02
6.582031250000000555e-02
6.787109375000000000e-02
7.060546874999999722e-02
7.226562500000000000e-02
7.070312500000000555e-02
7.568359375000000000e-02
7.109374999999999722e-02
7.207031249999999722e-02
7.265625000000000555e-02
7.812500000000000000e-02
6.640625000000000000e-02
7.812500000000000000e-02
7.744140624999999722e-02
7.812500000000000000e-02
8.076171875000000278e-02
7.773437499999999445e-02
8.388671875000000555e-02
8.681640625000000555e-02
8.574218749999999722e-02
8.749999999999999445e-02
8.720703124999999722e-02
8.593750000000000000e-02
8.339843750000000555e-02
8.749999999999999445e-02
8.837890625000000000e-02
9.042968749999999445e-02
8.593750000000000000e-02
9.228515625000000000e-02
8.876953125000000555e-02
9.042968749999999445e-02
9.443359375000000278e-02
9.462890625000000555e-02
9.189453124999999445e-02
9.658203125000000555e-02
9.404296874999999722e-02
9.677734374999999445e-02
9.980468750000000278e-02
1.005859375000000000e-01
1.020507812500000000e-01
9.648437499999999722e-02
9.921874999999999445e-02
9.833984375000000278e-02
9.863281250000000000e-02
1.019531250000000056e-01
1.072265624999999972e-01
1.024414062500000056e-01
1.070312499999999944e-01
1.077148437499999972e-01
1.030273437500000000e-01
1.071289062500000028e-01
1.117187500000000056e-01
1.076171875000000028e-01
1.081054687500000028e-01
1.083007812500000056e-01
1.140624999999999972e-01
1.063476562500000056e-01
1.102539062500000056e-01
1.088867187500000000e-01
1.089843749999999944e-01
1.113281250000000000e-01
1.133789062499999944e-01
1.193359375000000028e-01
1.148437499999999944e-01
1.196289062500000000e-01
1.188476562500000028e-01
1.179687499999999972e-01
1.133789062499999944e-01
1.162109375000000000e-01
1.220703125000000000e-01
1.210937500000000000e-01
1.222656250000000028e-01
1.284179687500000000e-01
1.202148437499999944e-01
1.158203124999999944e-01
1.225585937500000000e-01
1.240234375000000000e-01
1.267578125000000111e-01
1.228515624999999972e-01
1.227539062500000028e-01
1.235351562500000000e-01
1.251953124999999889e-01
1.213867187499999972e-01
1.251953124999999889e-01
1.211914062499999944e-01
1.300781249999999889e-01
1.301757812500000111e-01
1.289062500000000000e-01
1.285156249999999944e-01
1.319335937499999944e-01
1.274414062500000000e-01
1.299804687499999944e-01
1.334960937499999889e-01
1.274414062500000000e-01
1.341796875000000056e-01
1.284179687500000000e-01
1.333007812500000000e-01
1.298828125000000000e-01
1.316406250000000111e-01
1.299804687499999944e-01
1.376953125000000000e-01
1.302734375000000056e-01
1.350585937500000111e-01
1.409179687500000111e-01
1.296875000000000111e-01
1.408203124999999889e-01
1.363281249999999944e-01
1.325195312499999889e-01
1.361328125000000056e-01
1.411132812500000000e-01
1.377929687499999944e-01
1.378906249999999889e-01
1.353515624999999944e-01
1.369140624999999889e-01
1.300781249999999889e-01
1.404296875000000111e-01
1.334960937499999889e-01
1.430664062500000000e-01
1.365234375000000111e-01
1.355468750000000111e-01
1.338867187499999944e-01
1.375000000000000111e-01
1.408203124999999889e-01
1.365234375000000111e-01
1.378906249999999889e-01
1.366210937500000056e-01
1.381835937500000000e-01
1.375000000000000111e-01
1.347656250000000000e-01
1.389648437500000111e-01
1.368164062499999944e-01
1.266601562499999889e-01
1.352539062500000000e-01
1.368164062499999944e-01
1.379882812500000111e-01
1.315429687499999889e-01
1.344726562499999889e-01
1.416992187499999944e-01
1.389648437500000111e-01
1.389648437500000111e-01
1.325195312499999889e-01
1.448242187500000111e-01
1.359374999999999889e-01
1.411132812500000000e-01
1.347656250000000000e-01
1.331054687500000111e-01
1.401367187500000000e-01
1.363281249999999944e-01
1.318359375000000000e-01
1.328125000000000000e-01
1.332031250000000056e-01
1.365234375000000111e-01
1.382812499999999944e-01
1.382812499999999944e-01
1.357421875000000000e-01
1.333984374999999944e-01
1.375000000000000111e-01
1.328125000000000000e-01
1.340820312500000111e-01
1.264648437500000000e-01
1.333984374999999944e-01
1.388671874999999889e-01
1.330078124999999889e-01
1.332031250000000056e-01
1.306640625000000111e-01
1.369140624999999889e-01
1.308593750000000000e-01
1.323242187500000000e-01
1.317382812500000056e-01
1.292968750000000056e-01
1.256835937499999889e-01
1.302734375000000056e-01
1.302734375000000056e-01
1.288085937500000056e-01
1.328125000000000000e-01
1.298828125000000000e-01
1.246093749999999944e-01
1.314453124999999944e-01
1.283203125000000056e-01
1.280273437499999944e-01
1.309570312499999944e-01
1.273437500000000056e-01
1.313476562500000000e-01
1.290039062499999944e-01
1.362304687500000000e-01
1.277343750000000111e-01
1.315429687499999889e-01
1.352539062500000000e-01
1.299804687499999944e-01
1.269531250000000000e-01
1.259765625000000000e-01
1.295898437499999889e-01
1.261718749999999889e-01
1.285156249999999944e-01
1.300781249999999889e-01
1.263671875000000056e-01
1.254882812500000000e-01
1.208007812500000028e-01
1.246093749999999944e-01
1.200195312500000056e-01
1.235351562500000000e-01
1.214843750000000056e-01
1.269531250000000000e-01
1.283203125000000056e-01
1.237304687500000028e-01
1.227539062500000028e-01
1.263671875000000056e-01
1.194335937499999972e-01
1.205078125000000056e-01
1.173828125000000028e-01
1.256835937499999889e-01
1.250976562499999944e-01
1.221679687499999944e-01
1.185546875000000056e-01
1.174804687499999972e-01
1.212890625000000028e-01
1.278320312500000056e-01
1.223632812499999972e-01
1.143554687499999944e-01
1.190429687500000056e-01
1.162109375000000000e-01
1.159179687500000028e-01
1.174804687499999972e-01
1.155273437499999972e-01
1.201171875000000000e-01
1.204101562499999972e-01
1.166015625000000056e-01
1.201171875000000000e-01
1.151367187500000056e-01
1.168945312500000028e-01
1.194335937499999972e-01
1.193359375000000028e-01
1.071289062500000028e-01
1.208984374999999972e-01
1.201171875000000000e-01
1.187499999999999944e-01
1.184570312499999972e-01
1.176757812500000000e-01
1.148437499999999944e-01
1.154296875000000028e-01
1.112304687500000056e-01
1.158203124999999944e-01
1.178710937500000028e-01
1.134765625000000028e-01
1.202148437499999944e-01
1.154296875000000028e-01
1.145507812499999972e-01
1.149414062500000028e-01
1.193359375000000028e-01
1.167968749999999944e-01
1.150390624999999972e-01
1.149414062500000028e-01
1.138671874999999944e-01
1.134765625000000028e-01
1.122070312500000056e-01
1.191406250000000000e-01
1.122070312500000056e-01
1.160156249999999972e-01
1.123046875000000000e-01
1.131835937500000056e-01
1.138671874999999944e-01
1.149414062500000028e-01
1.081054687500000028e-01
1.135742187499999972e-01
1.186523437500000000e-01
1.162109375000000000e-01
1.179687499999999972e-01
1.151367187500000056e-01
1.160156249999999972e-01
1.146484375000000056e-01
1.105468750000000028e-01
1.193359375000000028e-01
1.153320312499999944e-01
1.085937500000000028e-01
1.135742187499999972e-01
1.200195312500000056e-01
1.167968749999999944e-01
1.170898437500000056e-01
1.140624999999999972e-01
1.129882812500000028e-01
1.206054687500000000e-01
1.150390624999999972e-01
1.157226562500000000e-01
1.192382812499999944e-01
1.102539062500000056e-01
1.143554687499999944e-01
1.135742187499999972e-01
1.150390624999999972e-01
1.140624999999999972e-01
1.117187500000000056e-01
1.148437499999999944e-01
1.154296875000000028e-01
1.161132812500000056e-01
1.079101562500000000e-01
1.085937500000000028e-01
1.085937500000000028e-01
1.161132812500000056e-01
1.123046875000000000e-01
1.162109375000000000e-01
1.116210937499999972e-01
1.143554687499999944e-01
1.086914062499999972e-01
1.095703125000000028e-01
1.136718750000000056e-01
1.208984374999999972e-01
1.208984374999999972e-01
1.144531250000000028e-01
1.085937500000000028e-01
1.153320312499999944e-01
1.175781250000000056e-01
1.195312500000000056e-01
1.108398437500000000e-01
1.151367187500000056e-01
1.131835937500000056e-01
1.125976562499999972e-01
1.164062500000000028e-01
1.133789062499999944e-01
1.173828125000000028e-01
1.223632812499999972e-01
1.133789062499999944e-01
1.073242187500000056e-01
1.207031249999999944e-01
1.142578125000000000e-01
1.161132812500000056e-01
1.180664062500000056e-01
1.165039062499999972e-01
1.117187500000000056e-01
1.154296875000000028e-01
1.158203124999999944e-01
1.153320312499999944e-01
1.118164062500000000e-01
1.184570312499999972e-01
1.167968749999999944e-01
1.115234375000000028e-01
1.152343750000000000e-01
1.111328124999999972e-01
1.148437499999999944e-01
1.104492187499999944e-01
1.149414062500000028e-01
1.209960937500000056e-01
1.150390624999999972e-01
1.145507812499999972e-01
1.233398437499999972e-01
1.177734374999999944e-01
1.151367187500000056e-01
1.144531250000000028e-01
1.177734374999999944e-01
1.137695312500000000e-01
1.190429687500000056e-01
1.142578125000000000e-01
1.173828125000000028e-01
1.199218749999999972e-01
1.184570312499999972e-01
1.246093749999999944e-01
1.201171875000000000e-01
1.177734374999999944e-01
1.189453124999999972e-01
1.184570312499999972e-01
1.229492187500000056e-01
1.181640625000000000e-01
1.217773437500000028e-01
1.202148437499999944e-01
1.176757812500000000e-01
1.194335937499999972e-01
1.142578125000000000e-01
1.103515625000000000e-01
1.202148437499999944e-01
1.198242187500000028e-01
1.221679687499999944e-01
1.165039062499999972e-01
1.217773437500000028e-01
1.184570312499999972e-01
1.153320312499999944e-01
1.209960937500000056e-01
1.185546875000000056e-01
1.200195312500000056e-01
1.242187500000000028e-01
1.160156249999999972e-01
1.220703125000000000e-01
1.164062500000000028e-01
1.189453124999999972e-01
1.160156249999999972e-01
1.108398437500000000e-01
1.257812500000000111e-01
1.223632812499999972e-01
1.193359375000000028e-01
1.226562499999999944e-01
1.222656250000000028e-01
1.202148437499999944e-01
1.213867187499999972e-01
1.256835937499999889e-01
1.192382812499999944e-01
1.184570312499999972e-01
1.100585937500000028e-01
1.183593750000000028e-01
1.194335937499999972e-01
1.183593750000000028e-01
1.246093749999999944e-01
1.193359375000000028e-01
1.222656250000000028e-01
1.197265624999999944e-01
1.166992187500000000e-01
1.199218749999999972e-01
1.174804687499999972e-01
1.257812500000000111e-01
1.155273437499999972e-01
1.222656250000000028e-01
1.220703125000000000e-01
1.158203124999999944e-01
1.168945312500000028e-01
1.149414062500000028e-01
1.137695312500000000e-01
1.191406250000000000e-01
1.201171875000000000e-01
1.240234375000000000e-01
1.179687499999999972e-01
1.177734374999999944e-01
1.210937500000000000e-01
1.215820312500000000e-01
1.171875000000000000e-01
1.235351562500000000e-01
1.214843750000000056e-01
1.175781250000000056e-01
1.226562499999999944e-01
1.124023437499999944e-01
1.243164062499999972e-01
1.240234375000000000e-01
1.212890625000000028e-01
1.215820312500000000e-01
1.195312500000000056e-01
1.170898437500000056e-01
1.138671874999999944e-01
1.230468750000000000e-01
1.188476562500000028e-01
1.166992187500000000e-01
1.201171875000000000e-01
1.215820312500000000e-01
1.158203124999999944e-01
1.201171875000000000e-01
1.215820312500000000e-01
1.159179687500000028e-01
1.122070312500000056e-01
1.174804687499999972e-01
1.188476562500000028e-01
1.104492187499999944e-01
1.172851562499999944e-01
1.134765625000000028e-01
1.151367187500000056e-01
1.196289062500000000e-01
1.200195312500000056e-01
1.191406250000000000e-01
1.182617187499999944e-01
1.160156249999999972e-01
1.167968749999999944e-01
1.186523437500000000e-01
1.184570312499999972e-01
1.191406250000000000e-01
1.148437499999999944e-01
1.195312500000000056e-01
1.190429687500000056e-01
1.188476562500000028e-01
1.163085937499999944e-01
1.162109375000000000e-01
1.146484375000000056e-01
1.129882812500000028e-01
1.190429687500000056e-01
1.167968749999999944e-01
1.174804687499999972e-01
1.117187500000000056e-01
1.178710937500000028e-01
1.190429687500000056e-01
1.179687499999999972e-01
1.124023437499999944e-01
1.184570312499999972e-01
1.128906249999999944e-01
1.163085937499999944e-01
1.171875000000000000e-01
1.146484375000000056e-01
1.152343750000000000e-01
1.233398437499999972e-01
1.166992187500000000e-01
1.116210937499999972e-01
1.158203124999999944e-01
1.174804687499999972e-01
1.142578125000000000e-01
1.141601562500000056e-01
1.138671874999999944e-01
1.142578125000000000e-01
1.166992187500000000e-01
1.096679687499999972e-01
1.196289062500000000e-01
1.158203124999999944e-01
1.152343750000000000e-01
1.170898437500000056e-01
1.100585937500000028e-01
1.159179687500000028e-01
1.196289062500000000e-01
1.197265624999999944e-01
1.087890625000000056e-01
1.157226562500000000e-01
1.172851562499999944e-01
1.154296875000000028e-01
1.124023437499999944e-01
1.195312500000000056e-01
1.133789062499999944e-01
1.179687499999999972e-01
1.125000000000000028e-01
1.183593750000000028e-01
1.190429687500000056e-01
1.182617187499999944e-01
1.153320312499999944e-01
1.165039062499999972e-01
1.202148437499999944e-01
1.202148437499999944e-01
1.142578125000000000e-01
1.160156249999999972e-01
1.149414062500000028e-01
1.151367187500000056e-01
1.107421875000000056e-01
1.037109375000000028e-01
1.143554687499999944e-01
1.111328124999999972e-01
1.160156249999999972e-01
1.199218749999999972e-01
1.191406250000000000e-01
1.156250000000000056e-01
1.137695312500000000e-01
1.087890625000000056e-01
1.181640625000000000e-01
1.131835937500000056e-01
1.128906249999999944e-01
1.113281250000000000e-01
1.195312500000000056e-01
1.192382812499999944e-01
1.181640625000000000e-01
1.140624999999999972e-01
1.223632812499999972e-01
1.179687499999999972e-01
1.124023437499999944e-01
1.157226562500000000e-01
1.221679687499999944e-01
1.181640625000000000e-01
1.176757812500000000e-01
1.145507812499999972e-01
1.200195312500000056e-01
1.156250000000000056e-01
1.208007812500000028e-01
1.162109375000000000e-01
1.119140624999999944e-01
1.167968749999999944e-01
1.189453124999999972e-01
1.127929687500000000e-01
1.202148437499999944e-01
1.154296875000000028e-01
1.167968749999999944e-01
1.177734374999999944e-01
1.128906249999999944e-01
1.213867187499999972e-01
1.136718750000000056e-01
1.169921874999999972e-01
1.184570312499999972e-01
1.162109375000000000e-01
1.144531250000000028e-01
1.274414062500000000e-01
1.167968749999999944e-01
1.169921874999999972e-01
1.149414062500000028e-01
1.175781250000000056e-01
1.069335937500000000e-01
1.212890625000000028e-01
1.211914062499999944e-01
1.233398437499999972e-01
1.158203124999999944e-01
1.180664062500000056e-01
1.259765625000000000e-01
1.110351562500000028e-01
1.172851562499999944e-01
1.189453124999999972e-01
1.214843750000000056e-01
1.152343750000000000e-01
1.162109375000000000e-01
1.173828125000000028e-01
1.218749999999999972e-01
1.153320312499999944e-01
1.194335937499999972e-01
1.194335937499999972e-01
1.193359375000000028e-01
1.206054687500000000e-01
1.236328124999999944e-01
1.283203125000000056e-01
1.308593750000000000e-01
1.191406250000000000e-01
1.265624999999999944e-01
1.174804687499999972e-01
1.229492187500000056e-01
1.227539062500000028e-01
1.172851562499999944e-01
1.263671875000000056e-01
1.249023437500000056e-01
1.210937500000000000e-01
1.185546875000000056e-01
1.300781249999999889e-01
1.274414062500000000e-01
1.255859374999999944e-01
1.208984374999999972e-01
1.154296875000000028e-01
1.240234375000000000e-01
1.166992187500000000e-01
1.264648437500000000e-01
1.254882812500000000e-01
1.250976562499999944e-01
1.254882812500000000e-01
1.218749999999999972e-01
1.232421875000000028e-01
1.256835937499999889e-01
1.223632812499999972e-01
1.196289062500000000e-01
1.282226562500000111e-01
1.294921874999999944e-01
1.319335937499999944e-01
1.295898437499999889e-01
1.273437500000000056e-01
1.254882812500000000e-01
1.231445312499999944e-01
1.278320312500000056e-01
1.300781249999999889e-01
1.269531250000000000e-01
1.245117187500000000e-01
1.310546874999999889e-01
1.316406250000000111e-01
1.261718749999999889e-01
1.335937500000000111e-01
1.284179687500000000e-01
1.278320312500000056e-01
1.339843749999999889e-01
1.268554687500000056e-01
1.318359375000000000e-01
1.260742187499999944e-01
1.403320312499999889e-01
1.330078124999999889e-01
1.368164062499999944e-01
1.319335937499999944e-01
1.300781249999999889e-01
1.292968750000000056e-01
1.289062500000000000e-01
1.380859375000000056e-01
1.287109375000000111e-01
1.330078124999999889e-01
1.397460937499999944e-01
1.329101562499999944e-01
1.339843749999999889e-01
1.301757812500000111e-01
1.308593750000000000e-01
1.311523437500000111e-01
1.332031250000000056e-01
1.299804687499999944e-01
1.321289062500000111e-01
1.322265625000000056e-01
1.292968750000000056e-01
1.321289062500000111e-01
1.277343750000000111e-01
1.315429687499999889e-01
1.377929687499999944e-01
1.330078124999999889e-01
1.380859375000000056e-01
1.370117187500000111e-01
1.322265625000000056e-01
1.391601562500000000e-01
1.367187500000000000e-01
1.339843749999999889e-01
1.339843749999999889e-01
1.306640625000000111e-01
1.281249999999999889e-01
1.357421875000000000e-01
1.435546875000000000e-01
1.386718750000000000e-01
1.366210937500000056e-01
1.259765625000000000e-01
1.389648437500000111e-01
1.312500000000000056e-01
1.395507812500000056e-01
1.446289062499999944e-01
1.429687500000000056e-01
1.393554687499999889e-01
1.365234375000000111e-01
1.358398437499999944e-01
1.334960937499999889e-01
1.352539062500000000e-01
1.337890625000000000e-01
1.282226562500000111e-01
1.356445312500000056e-01
1.336914062500000056e-01
1.333007812500000000e-01
1.278320312500000056e-01
1.340820312500000111e-01
1.320312499999999889e-01
1.370117187500000111e-01
1.315429687499999889e-01
1.319335937499999944e-01
1.298828125000000000e-01
1.296875000000000111e-01
1.339843749999999889e-01
1.299804687499999944e-01
1.309570312499999944e-01
1.332031250000000056e-01
1.318359375000000000e-01
1.231445312499999944e-01
1.339843749999999889e-01
1.298828125000000000e-01
1.312500000000000056e-01
1.292968750000000056e-01
1.318359375000000000e-01
1.311523437500000111e-01
1.288085937500000056e-01
1.325195312499999889e-01
1.289062500000000000e-01
1.271484374999999889e-01
1.302734375000000056e-01
1.291015624999999889e-01
1.227539062500000028e-01
1.258789062500000056e-01
1.216796874999999944e-01
1.209960937500000056e-01
1.242187500000000028e-01
1.266601562499999889e-01
1.172851562499999944e-01
1.291015624999999889e-01
1.233398437499999972e-01
1.247070312500000028e-01
1.214843750000000056e-01
1.237304687500000028e-01
1.222656250000000028e-01
1.205078125000000056e-01
1.168945312500000028e-01
1.151367187500000056e-01
1.188476562500000028e-01
1.184570312499999972e-01
1.201171875000000000e-01
1.192382812499999944e-01
1.182617187499999944e-01
1.146484375000000056e-01
1.128906249999999944e-01
1.156250000000000056e-01
1.122070312500000056e-01
1.082031249999999972e-01
1.145507812499999972e-01
1.163085937499999944e-01
1.131835937500000056e-01
1.058593750000000056e-01
1.160156249999999972e-01
1.170898437500000056e-01
1.066406250000000028e-01
1.200195312500000056e-01
1.083007812500000056e-01
1.088867187500000000e-01
1.075195312499999944e-01
1.104492187499999944e-01
1.074218750000000000e-01
1.066406250000000028e-01
1.043945312500000056e-01
1.021484374999999944e-01
9.570312500000000000e-02
1.029296875000000056e-01
1.016601562499999944e-01
1.013671874999999972e-01
1.003906249999999972e-01
1.017578125000000028e-01
9.882812500000000278e-02
9.785156250000000278e-02
9.511718750000000555e-02
9.287109374999999445e-02
9.941406249999999722e-02
9.130859375000000000e-02
8.876953125000000555e-02
9.404296874999999722e-02
9.296875000000000278e-02
8.896484374999999445e-02
9.257812499999999722e-02
8.789062500000000000e-02
9.218750000000000555e-02
8.749999999999999445e-02
8.447265625000000000e-02
9.013671874999999722e-02
9.013671874999999722e-02
8.623046874999999722e-02
8.505859374999999445e-02
8.017578124999999445e-02
7.910156250000000000e-02
8.808593750000000278e-02
8.281249999999999722e-02
7.919921874999999445e-02
7.998046875000000555e-02
7.324218750000000000e-02
7.724609374999999445e-02
7.636718750000000278e-02
7.695312499999999722e-02
7.226562500000000000e-02
7.373046875000000000e-02
7.275390625000000000e-02
7.587890625000000278e-02
7.197265625000000278e-02
7.119140625000000555e-02
7.070312500000000555e-02
6.406249999999999445e-02
6.494140625000000000e-02
6.679687500000000555e-02
5.927734375000000278e-02
6.396484375000000000e-02
6.425781249999999722e-02
6.757812500000000278e-02
6.132812499999999722e-02
6.171875000000000278e-02
6.123046875000000278e-02
5.927734375000000278e-02
6.064453125000000139e-02
5.439453125000000278e-02
5.478515625000000139e-02
5.605468749999999861e-02
5.478515625000000139e-02
5.810546875000000000e-02
5.410156249999999861e-02
5.361328124999999861e-02
4.951171875000000278e-02
4.843750000000000139e-02
5.097656250000000278e-02
4.951171875000000278e-02
5.048828125000000278e-02
4.560546875000000278e-02
4.580078124999999861e-02
4.365234375000000278e-02
4.404296875000000139e-02
4.404296875000000139e-02
4.003906250000000000e-02
4.316406250000000278e-02
4.101562500000000000e-02
3.818359375000000139e-02
4.218750000000000278e-02
3.671875000000000139e-02
3.964843750000000139e-02
3.749999999999999861e-02
3.417968750000000000e-02
3.466796875000000000e-02
3.212890624999999861e-02
3.310546874999999861e-02
3.291015625000000278e-02
2.890625000000000139e-02
3.164062499999999861e-02
2.929687500000000000e-02
2.958984375000000069e-02
2.910156250000000069e-02
2.578124999999999861e-02
2.451171875000000139e-02
2.441406250000000000e-02
2.255859375000000139e-02
2.500000000000000139e-02
2.333984374999999861e-02
2.333984374999999861e-02
2.109375000000000139e-02
1.933593750000000069e-02
1.787109375000000069e-02
1.816406250000000139e-02
1.728515624999999931e-02
1.611328125000000000e-02
1.621093750000000139e-02
1.777343749999999931e-02
1.503906250000000035e-02
1.445312500000000069e-02
1.406250000000000035e-02
1.445312500000000069e-02
1.435546874999999931e-02
1.142578124999999931e-02
1.201171875000000069e-02
1.083984374999999965e-02
1.103515625000000069e-02
1.005859375000000069e-02
1.015625000000000035e-02
1.005859375000000069e-02
8.496093749999999306e-03
0.000000000000000000e+00
0.000000000000000000e+00
0.000000000000000000e+00
0.000000000000000000e+00
0.000000000000000000e+00
0.000000000000000000e+00
0.000000000000000000e+00
0.000000000000000000e+00
0.000000000000000000e+00
0.000000000000000000e+00
0.000000000000000000e+00
0.000000000000000000e+00
0.000000000000000000e+00
0.000000000000000000e+00
0.000000000000000000e+00
0.000000000000000000e+00
0.000000000000000000e+00
0.000000000000000000e+00
0.000000000000000000e+00
0.000000000000000000e+00
0.000000000000000000e+00
0.000000000000000000e+00
0.000000000000000000e+00
0.000000000000000000e+00
0.000000000000000000e+00
