2.176950453257658680e+00
2.174091743270077259e+00
2.193984086373761855e+00
2.175492717210216753e+00
2.178831982065011275e+00
2.166632107816692354e+00
2.179903920016678764e+00
2.189094150833353236e+00
2.168722061322769790e+00
2.193825070373250696e+00
2.199482454895705708e+00
2.180408024778640375e+00
2.203081076418495154e+00
2.174843621893551404e+00
2.177584439732790589e+00
2.179217619616396817e+00
2.183244600025651128e+00
2.173317518692931216e+00
2.166014256432176044e+00
2.166041523475518815e+00
2.213530017461647681e+00
2.195980143941930418e+00
2.164583124441754158e+00
2.156139934227960797e+00
2.189346255512214512e+00
2.187489049328134261e+00
2.176428241293247190e+00
2.170006816596209642e+00
2.170708431052622345e+00
2.180357340363884955e+00
2.185645951803590670e+00
2.186214113758414790e+00
2.184468115175957514e+00
2.173464039246391533e+00
2.179370614355839120e+00
2.199530692058297987e+00
2.171206100285896223e+00
2.171763373091027738e+00
2.168205209776195463e+00
2.180814805603245254e+00
2.178076079061620263e+00
2.197900343313656801e+00
2.171976916236319166e+00
2.181491274116583057e+00
2.172904820385894720e+00
2.179785811386527161e+00
2.183738917396281121e+00
2.173461189662013293e+00
2.160497310808818128e+00
2.174387654319227536e+00
2.173700704152228269e+00
2.183760488370387609e+00
2.176861913419328776e+00
2.192058197027097588e+00
2.172226460145089799e+00
2.185769210913102611e+00
2.168664494025053013e+00
2.179772860034818738e+00
2.176623979398931041e+00
2.172933233498079542e+00
2.177943582343199846e+00
2.175231880074399715e+00
2.176101625263994865e+00
2.172980474089278413e+00
