2.191815171041707977e+00
2.185338224752852998e+00
2.190617019183540570e+00
2.180942286454909507e+00
2.168666713113779565e+00
2.187491317459216322e+00
2.165274690428763193e+00
2.174403136783746859e+00
2.184993731390616922e+00
2.172104488124257937e+00
2.185748577432968798e+00
2.167928150622971284e+00
2.181137738364765877e+00
2.183451829518432863e+00
2.183890995942556756e+00
2.181859570200275211e+00
2.202108290381842970e+00
2.193281440175569585e+00
2.158108078483742975e+00
2.180292948824785970e+00
2.171714668463883502e+00
2.187956926640649336e+00
2.169542519787339696e+00
2.186844152002713759e+00
2.192089607448939326e+00
2.166734147265711563e+00
2.164263413893761090e+00
2.171687303363571520e+00
2.163604716322705457e+00
2.170870721928871649e+00
2.173081874944930547e+00
2.170874969067962290e+00
2.188976751627645712e+00
2.173939285386056852e+00
2.167222346257165810e+00
2.180654872908851516e+00
2.181891432195119496e+00
2.168225973917990768e+00
2.167826894441403862e+00
2.169777405015177685e+00
2.193589966035653482e+00
2.171892066135379107e+00
2.183524230604043215e+00
2.175039761615654932e+00
2.167051645863556253e+00
2.186874762180927689e+00
2.184795903205434264e+00
2.168027257450493295e+00
2.199789032485013340e+00
2.183883179873338243e+00
2.183054034323438586e+00
2.188192082336299027e+00
2.186345388776750109e+00
2.186982770810781851e+00
2.164790174062777517e+00
2.174364608109078834e+00
2.186721389145086292e+00
2.187396036926144927e+00
2.177270762000228288e+00
2.181770213367375089e+00
2.190029154339201867e+00
2.175058618382612607e+00
2.174844139832476930e+00
2.181773996756670719e+00
