0.000000000000000000e+00
0.000000000000000000e+00
0.000000000000000000e+00
0.000000000000000000e+00
0.000000000000000000e+00
0.000000000000000000e+00
0.000000000000000000e+00
0.000000000000000000e+00
0.000000000000000000e+00
0.000000000000000000e+00
0.000000000000000000e+00
0.000000000000000000e+00
0.000000000000000000e+00
0.000000000000000000e+00
0.000000000000000000e+00
0.000000000000000000e+00
0.000000000000000000e+00
0.000000000000000000e+00
0.000000000000000000e+00
0.000000000000000000e+00
0.000000000000000000e+00
0.000000000000000000e+00
0.000000000000000000e+00
0.000000000000000000e+00
0.000000000000000000e+00
6.738281250000000347e-03
8.496093749999999306e-03
9.374999999999999653e-03
9.765625000000000000e-03
9.667968750000000347e-03
1.054687500000000069e-02
1.191406249999999931e-02
1.240234374999999931e-02
1.259765625000000035e-02
1.103515625000000069e-02
1.425781249999999965e-02
1.357421875000000035e-02
1.660156250000000000e-02
1.640625000000000069e-02
1.718750000000000139e-02
1.845703124999999861e-02
1.904296875000000000e-02
1.835937500000000069e-02
1.933593750000000069e-02
1.904296875000000000e-02
1.884765625000000069e-02
1.806640625000000000e-02
2.304687500000000139e-02
2.060546875000000139e-02
2.207031250000000139e-02
2.412109374999999931e-02
2.421875000000000069e-02
2.607421874999999931e-02
2.500000000000000139e-02
2.802734374999999931e-02
2.792968750000000139e-02
2.929687500000000000e-02
2.802734374999999931e-02
3.017578124999999861e-02
2.929687500000000000e-02
3.330078125000000139e-02
3.242187500000000278e-02
3.535156250000000278e-02
3.281250000000000139e-02
3.330078125000000139e-02
3.740234374999999722e-02
3.769531250000000139e-02
3.808593750000000000e-02
3.427734375000000139e-02
3.515625000000000000e-02
3.945312499999999861e-02
4.238281249999999861e-02
4.248046875000000000e-02
3.886718749999999722e-02
4.433593749999999861e-02
4.326171874999999722e-02
4.736328125000000000e-02
4.736328125000000000e-02
4.824218749999999861e-02
4.580078124999999861e-02
4.365234375000000278e-02
5.371093750000000000e-02
5.029296875000000000e-02
5.244140625000000278e-02
4.941406250000000139e-02
5.341796875000000278e-02
5.625000000000000139e-02
5.976562500000000278e-02
5.810546875000000000e-02
5.742187499999999722e-02
5.800781249999999861e-02
5.664062500000000000e-02
6.015625000000000139e-02
6.132812499999999722e-02
6.269531250000000278e-02
6.425781249999999722e-02
6.025390625000000278e-02
6.103515625000000000e-02
6.503906249999999445e-02
6.621093749999999722e-02
7.001953125000000278e-02
6.708984375000000278e-02
7.060546874999999722e-02
6.796874999999999445e-02
7.392578125000000278e-02
7.763671875000000000e-02
7.470703125000000000e-02
7.548828124999999722e-02
7.480468749999999445e-02
7.871093749999999445e-02
7.832031250000000278e-02
7.265625000000000555e-02
7.343750000000000278e-02
7.441406250000000278e-02
7.832031250000000278e-02
8.144531250000000555e-02
8.046875000000000555e-02
7.841796874999999722e-02
8.105468750000000000e-02
8.515625000000000278e-02
8.115234374999999445e-02
8.632812500000000555e-02
8.525390624999999722e-02
8.906250000000000278e-02
9.003906250000000278e-02
9.306640624999999722e-02
9.335937499999999445e-02
9.121093750000000555e-02
9.365234375000000555e-02
9.326171875000000000e-02
9.492187500000000278e-02
9.433593749999999445e-02
9.687500000000000278e-02
9.658203125000000555e-02
9.667968750000000000e-02
9.472656250000000000e-02
1.000000000000000056e-01
9.843749999999999722e-02
1.003906249999999972e-01
9.970703124999999445e-02
9.960937500000000000e-02
9.843749999999999722e-02
1.048828125000000056e-01
1.032226562500000028e-01
1.052734374999999972e-01
1.020507812500000000e-01
1.075195312499999944e-01
1.081054687500000028e-01
1.068359375000000056e-01
1.070312499999999944e-01
1.048828125000000056e-01
1.082031249999999972e-01
1.087890625000000056e-01
1.104492187499999944e-01
1.132812500000000000e-01
1.152343750000000000e-01
1.138671874999999944e-01
1.236328124999999944e-01
1.197265624999999944e-01
1.114257812499999944e-01
1.138671874999999944e-01
1.206054687500000000e-01
1.176757812500000000e-01
1.158203124999999944e-01
1.187499999999999944e-01
1.209960937500000056e-01
1.263671875000000056e-01
1.180664062500000056e-01
1.244140625000000056e-01
1.267578125000000111e-01
1.230468750000000000e-01
1.250976562499999944e-01
1.179687499999999972e-01
1.233398437499999972e-01
1.240234375000000000e-01
1.233398437499999972e-01
1.277343750000000111e-01
1.261718749999999889e-01
1.251953124999999889e-01
1.241210937499999944e-01
1.283203125000000056e-01
1.324218749999999944e-01
1.275390624999999944e-01
1.259765625000000000e-01
1.270507812499999944e-01
1.294921874999999944e-01
1.246093749999999944e-01
1.339843749999999889e-01
1.312500000000000056e-01
1.217773437500000028e-01
1.337890625000000000e-01
1.328125000000000000e-01
1.314453124999999944e-01
1.282226562500000111e-01
1.313476562500000000e-01
1.338867187499999944e-01
1.334960937499999889e-01
1.334960937499999889e-01
1.316406250000000111e-01
1.319335937499999944e-01
1.381835937500000000e-01
1.369140624999999889e-01
1.334960937499999889e-01
1.302734375000000056e-01
1.367187500000000000e-01
1.380859375000000056e-01
1.373046874999999944e-01
1.387695312499999944e-01
1.344726562499999889e-01
1.395507812500000056e-01
1.423828125000000111e-01
1.331054687500000111e-01
1.357421875000000000e-01
1.416992187499999944e-01
1.391601562500000000e-01
1.416015625000000000e-01
1.415039062500000056e-01
1.378906249999999889e-01
1.331054687500000111e-01
1.405273437500000056e-01
1.359374999999999889e-01
1.379882812500000111e-01
1.356445312500000056e-01
1.300781249999999889e-01
1.413085937499999889e-01
1.339843749999999889e-01
1.356445312500000056e-01
1.405273437500000056e-01
1.395507812500000056e-01
1.357421875000000000e-01
1.341796875000000056e-01
1.402343749999999944e-01
1.402343749999999944e-01
1.391601562500000000e-01
1.399414062500000111e-01
1.308593750000000000e-01
1.305664062499999889e-01
1.367187500000000000e-01
1.375976562500000056e-01
1.347656250000000000e-01
1.442382812499999889e-01
1.381835937500000000e-01
1.353515624999999944e-01
1.364257812499999889e-01
1.421874999999999944e-01
1.371093750000000056e-01
1.328125000000000000e-01
1.378906249999999889e-01
1.306640625000000111e-01
1.321289062500000111e-01
1.356445312500000056e-01
1.398437499999999889e-01
1.393554687499999889e-01
1.343749999999999944e-01
1.291015624999999889e-01
1.355468750000000111e-01
1.290039062499999944e-01
1.365234375000000111e-01
1.330078124999999889e-01
1.314453124999999944e-01
1.301757812500000111e-01
1.338867187499999944e-01
1.363281249999999944e-01
1.338867187499999944e-01
1.400390625000000056e-01
1.329101562499999944e-01
1.246093749999999944e-01
1.367187500000000000e-01
1.252929687500000111e-01
1.326171875000000111e-01
1.341796875000000056e-01
1.272460937500000111e-01
1.263671875000000056e-01
1.257812500000000111e-01
1.291015624999999889e-01
1.315429687499999889e-01
1.343749999999999944e-01
1.282226562500000111e-01
1.310546874999999889e-01
1.248046874999999972e-01
1.277343750000000111e-01
1.301757812500000111e-01
1.231445312499999944e-01
1.305664062499999889e-01
1.240234375000000000e-01
1.255859374999999944e-01
1.244140625000000056e-01
1.276367187499999889e-01
1.249023437500000056e-01
1.218749999999999972e-01
1.271484374999999889e-01
1.295898437499999889e-01
1.232421875000000028e-01
1.270507812499999944e-01
1.194335937499999972e-01
1.273437500000000056e-01
1.240234375000000000e-01
1.226562499999999944e-01
1.239257812500000056e-01
1.241210937499999944e-01
1.233398437499999972e-01
1.227539062500000028e-01
1.248046874999999972e-01
1.261718749999999889e-01
1.214843750000000056e-01
1.170898437500000056e-01
1.158203124999999944e-01
1.159179687500000028e-01
1.255859374999999944e-01
1.167968749999999944e-01
1.232421875000000028e-01
1.174804687499999972e-01
1.189453124999999972e-01
1.183593750000000028e-01
1.188476562500000028e-01
1.183593750000000028e-01
1.226562499999999944e-01
1.187499999999999944e-01
1.204101562499999972e-01
1.115234375000000028e-01
1.160156249999999972e-01
1.203125000000000028e-01
1.152343750000000000e-01
1.170898437500000056e-01
1.186523437500000000e-01
1.141601562500000056e-01
1.146484375000000056e-01
1.197265624999999944e-01
1.158203124999999944e-01
1.133789062499999944e-01
1.197265624999999944e-01
1.137695312500000000e-01
1.110351562500000028e-01
1.174804687499999972e-01
1.135742187499999972e-01
1.205078125000000056e-01
1.159179687500000028e-01
1.186523437500000000e-01
1.134765625000000028e-01
1.122070312500000056e-01
1.110351562500000028e-01
1.115234375000000028e-01
1.094726562499999944e-01
1.127929687500000000e-01
1.169921874999999972e-01
1.149414062500000028e-01
1.201171875000000000e-01
1.162109375000000000e-01
1.124023437499999944e-01
1.083984375000000000e-01
1.117187500000000056e-01
1.131835937500000056e-01
1.161132812500000056e-01
1.136718750000000056e-01
1.195312500000000056e-01
1.132812500000000000e-01
1.147460937500000000e-01
1.087890625000000056e-01
1.174804687499999972e-01
1.090820312500000028e-01
1.124023437499999944e-01
1.177734374999999944e-01
1.122070312500000056e-01
1.143554687499999944e-01
1.131835937500000056e-01
1.114257812499999944e-01
1.161132812500000056e-01
1.160156249999999972e-01
1.163085937499999944e-01
1.169921874999999972e-01
1.165039062499999972e-01
1.089843749999999944e-01
1.124023437499999944e-01
1.052734374999999972e-01
1.135742187499999972e-01
1.076171875000000028e-01
1.071289062500000028e-01
1.207031249999999944e-01
1.086914062499999972e-01
1.130859374999999972e-01
1.196289062500000000e-01
1.126953125000000056e-01
1.157226562500000000e-01
1.110351562500000028e-01
1.121093749999999972e-01
1.166992187500000000e-01
1.150390624999999972e-01
1.202148437499999944e-01
1.120117187500000028e-01
1.145507812499999972e-01
1.132812500000000000e-01
1.147460937500000000e-01
1.134765625000000028e-01
1.116210937499999972e-01
1.151367187500000056e-01
1.135742187499999972e-01
1.233398437499999972e-01
1.130859374999999972e-01
1.179687499999999972e-01
1.194335937499999972e-01
1.184570312499999972e-01
1.199218749999999972e-01
1.125000000000000028e-01
1.155273437499999972e-01
1.116210937499999972e-01
1.142578125000000000e-01
1.097656250000000056e-01
1.107421875000000056e-01
1.163085937499999944e-01
1.198242187500000028e-01
1.127929687500000000e-01
1.162109375000000000e-01
1.144531250000000028e-01
1.138671874999999944e-01
1.152343750000000000e-01
1.144531250000000028e-01
1.131835937500000056e-01
1.165039062499999972e-01
1.112304687500000056e-01
1.156250000000000056e-01
1.169921874999999972e-01
1.192382812499999944e-01
1.221679687499999944e-01
1.168945312500000028e-01
1.150390624999999972e-01
1.175781250000000056e-01
1.141601562500000056e-01
1.205078125000000056e-01
1.151367187500000056e-01
1.199218749999999972e-01
1.202148437499999944e-01
1.182617187499999944e-01
1.140624999999999972e-01
1.179687499999999972e-01
1.165039062499999972e-01
1.199218749999999972e-01
1.198242187500000028e-01
1.206054687500000000e-01
1.223632812499999972e-01
1.173828125000000028e-01
1.215820312500000000e-01
1.202148437499999944e-01
1.165039062499999972e-01
1.188476562500000028e-01
1.218749999999999972e-01
1.200195312500000056e-01
1.237304687500000028e-01
1.208984374999999972e-01
1.154296875000000028e-01
1.252929687500000111e-01
1.169921874999999972e-01
1.184570312499999972e-01
1.213867187499999972e-01
1.234375000000000056e-01
1.160156249999999972e-01
1.143554687499999944e-01
1.208007812500000028e-01
1.128906249999999944e-01
1.176757812500000000e-01
1.203125000000000028e-01
1.168945312500000028e-01
1.136718750000000056e-01
1.168945312500000028e-01
1.190429687500000056e-01
1.240234375000000000e-01
1.185546875000000056e-01
1.177734374999999944e-01
1.166992187500000000e-01
1.236328124999999944e-01
1.136718750000000056e-01
1.228515624999999972e-01
1.149414062500000028e-01
1.235351562500000000e-01
1.183593750000000028e-01
1.209960937500000056e-01
1.201171875000000000e-01
1.162109375000000000e-01
1.233398437499999972e-01
1.216796874999999944e-01
1.223632812499999972e-01
1.200195312500000056e-01
1.139648437500000028e-01
1.241210937499999944e-01
1.218749999999999972e-01
1.227539062500000028e-01
1.165039062499999972e-01
1.242187500000000028e-01
1.230468750000000000e-01
1.270507812499999944e-01
1.192382812499999944e-01
1.230468750000000000e-01
1.267578125000000111e-01
1.175781250000000056e-01
1.208007812500000028e-01
1.211914062499999944e-01
1.291015624999999889e-01
1.238281249999999972e-01
1.190429687500000056e-01
1.226562499999999944e-01
1.230468750000000000e-01
1.226562499999999944e-01
1.193359375000000028e-01
1.210937500000000000e-01
1.226562499999999944e-01
1.237304687500000028e-01
1.202148437499999944e-01
1.297851562500000056e-01
1.189453124999999972e-01
1.258789062500000056e-01
1.243164062499999972e-01
1.192382812499999944e-01
1.209960937500000056e-01
1.196289062500000000e-01
1.259765625000000000e-01
1.215820312500000000e-01
1.230468750000000000e-01
1.229492187500000056e-01
1.217773437500000028e-01
1.172851562499999944e-01
1.225585937500000000e-01
1.215820312500000000e-01
1.161132812500000056e-01
1.202148437499999944e-01
1.286132812499999889e-01
1.108398437500000000e-01
1.152343750000000000e-01
1.224609375000000056e-01
1.166992187500000000e-01
1.170898437500000056e-01
1.170898437500000056e-01
1.287109375000000111e-01
1.204101562499999972e-01
1.213867187499999972e-01
1.189453124999999972e-01
1.146484375000000056e-01
1.310546874999999889e-01
1.240234375000000000e-01
1.227539062500000028e-01
1.205078125000000056e-01
1.212890625000000028e-01
1.218749999999999972e-01
1.238281249999999972e-01
1.188476562500000028e-01
1.187499999999999944e-01
1.191406250000000000e-01
1.171875000000000000e-01
1.200195312500000056e-01
1.195312500000000056e-01
1.166992187500000000e-01
1.223632812499999972e-01
1.176757812500000000e-01
1.177734374999999944e-01
1.244140625000000056e-01
1.180664062500000056e-01
1.238281249999999972e-01
1.189453124999999972e-01
1.134765625000000028e-01
1.223632812499999972e-01
1.217773437500000028e-01
1.231445312499999944e-01
1.208984374999999972e-01
1.177734374999999944e-01
1.246093749999999944e-01
1.190429687500000056e-01
1.217773437500000028e-01
1.210937500000000000e-01
1.170898437500000056e-01
1.159179687500000028e-01
1.117187500000000056e-01
1.190429687500000056e-01
1.182617187499999944e-01
1.170898437500000056e-01
1.217773437500000028e-01
1.140624999999999972e-01
1.098632812500000000e-01
1.176757812500000000e-01
1.178710937500000028e-01
1.208007812500000028e-01
1.160156249999999972e-01
1.197265624999999944e-01
1.148437499999999944e-01
1.229492187500000056e-01
1.185546875000000056e-01
1.120117187500000028e-01
1.144531250000000028e-01
1.138671874999999944e-01
1.099609374999999944e-01
1.157226562500000000e-01
1.164062500000000028e-01
1.119140624999999944e-01
1.178710937500000028e-01
1.150390624999999972e-01
1.180664062500000056e-01
1.206054687500000000e-01
1.162109375000000000e-01
1.121093749999999972e-01
1.159179687500000028e-01
1.155273437499999972e-01
1.106445312499999972e-01
1.143554687499999944e-01
1.139648437500000028e-01
1.154296875000000028e-01
1.091796874999999972e-01
1.231445312499999944e-01
1.158203124999999944e-01
1.133789062499999944e-01
1.112304687500000056e-01
1.195312500000000056e-01
1.250000000000000000e-01
1.115234375000000028e-01
1.148437499999999944e-01
1.128906249999999944e-01
1.116210937499999972e-01
1.173828125000000028e-01
1.077148437499999972e-01
1.129882812500000028e-01
1.172851562499999944e-01
1.188476562500000028e-01
1.127929687500000000e-01
1.168945312500000028e-01
1.130859374999999972e-01
1.115234375000000028e-01
1.175781250000000056e-01
1.127929687500000000e-01
1.123046875000000000e-01
1.158203124999999944e-01
1.170898437500000056e-01
1.135742187499999972e-01
1.091796874999999972e-01
1.159179687500000028e-01
1.152343750000000000e-01
1.121093749999999972e-01
1.090820312500000028e-01
1.155273437499999972e-01
1.157226562500000000e-01
1.144531250000000028e-01
1.104492187499999944e-01
1.104492187499999944e-01
1.166015625000000056e-01
1.150390624999999972e-01
1.156250000000000056e-01
1.123046875000000000e-01
1.104492187499999944e-01
1.102539062500000056e-01
1.178710937500000028e-01
1.109374999999999944e-01
1.095703125000000028e-01
1.131835937500000056e-01
1.149414062500000028e-01
1.135742187499999972e-01
1.112304687500000056e-01
1.134765625000000028e-01
1.208007812500000028e-01
1.158203124999999944e-01
1.087890625000000056e-01
1.159179687500000028e-01
1.098632812500000000e-01
1.178710937500000028e-01
1.167968749999999944e-01
1.063476562500000056e-01
1.180664062500000056e-01
1.126953125000000056e-01
1.166015625000000056e-01
1.166015625000000056e-01
1.073242187500000056e-01
1.106445312499999972e-01
1.191406250000000000e-01
1.125976562499999972e-01
1.148437499999999944e-01
1.211914062499999944e-01
1.156250000000000056e-01
1.134765625000000028e-01
1.200195312500000056e-01
1.165039062499999972e-01
1.165039062499999972e-01
1.186523437500000000e-01
1.127929687500000000e-01
1.199218749999999972e-01
1.155273437499999972e-01
1.209960937500000056e-01
1.166015625000000056e-01
1.143554687499999944e-01
1.156250000000000056e-01
1.203125000000000028e-01
1.177734374999999944e-01
1.154296875000000028e-01
1.148437499999999944e-01
1.226562499999999944e-01
1.170898437500000056e-01
1.212890625000000028e-01
1.184570312499999972e-01
1.203125000000000028e-01
1.170898437500000056e-01
1.203125000000000028e-01
1.173828125000000028e-01
1.190429687500000056e-01
1.236328124999999944e-01
1.214843750000000056e-01
1.215820312500000000e-01
1.201171875000000000e-01
1.239257812500000056e-01
1.256835937499999889e-01
1.222656250000000028e-01
1.214843750000000056e-01
1.229492187500000056e-01
1.182617187499999944e-01
1.276367187499999889e-01
1.285156249999999944e-01
1.217773437500000028e-01
1.233398437499999972e-01
1.220703125000000000e-01
1.238281249999999972e-01
1.195312500000000056e-01
1.240234375000000000e-01
1.243164062499999972e-01
1.245117187500000000e-01
1.227539062500000028e-01
1.275390624999999944e-01
1.249023437500000056e-01
1.181640625000000000e-01
1.250976562499999944e-01
1.328125000000000000e-01
1.280273437499999944e-01
1.302734375000000056e-01
1.282226562500000111e-01
1.357421875000000000e-01
1.300781249999999889e-01
1.325195312499999889e-01
1.290039062499999944e-01
1.329101562499999944e-01
1.296875000000000111e-01
1.261718749999999889e-01
1.309570312499999944e-01
1.289062500000000000e-01
1.309570312499999944e-01
1.346679687500000056e-01
1.283203125000000056e-01
1.298828125000000000e-01
1.314453124999999944e-01
1.347656250000000000e-01
1.399414062500000111e-01
1.362304687500000000e-01
1.308593750000000000e-01
1.301757812500000111e-01
1.357421875000000000e-01
1.290039062499999944e-01
1.351562500000000056e-01
1.400390625000000056e-01
1.384765625000000111e-01
1.362304687500000000e-01
1.355468750000000111e-01
1.423828125000000111e-01
1.341796875000000056e-01
1.369140624999999889e-01
1.304687499999999944e-01
1.303710937500000000e-01
1.379882812500000111e-01
1.332031250000000056e-01
1.389648437500000111e-01
1.326171875000000111e-01
1.389648437500000111e-01
1.357421875000000000e-01
1.298828125000000000e-01
1.374023437499999889e-01
1.321289062500000111e-01
1.322265625000000056e-01
1.401367187500000000e-01
1.340820312500000111e-01
1.446289062499999944e-01
1.382812499999999944e-01
1.351562500000000056e-01
1.396484375000000000e-01
1.415039062500000056e-01
1.418945312500000111e-01
1.370117187500000111e-01
1.271484374999999889e-01
1.364257812499999889e-01
1.397460937499999944e-01
1.381835937500000000e-01
1.362304687500000000e-01
1.409179687500000111e-01
1.338867187499999944e-01
1.475585937499999944e-01
1.331054687500000111e-01
1.395507812500000056e-01
1.406250000000000000e-01
1.386718750000000000e-01
1.376953125000000000e-01
1.382812499999999944e-01
1.332031250000000056e-01
1.389648437500000111e-01
1.381835937500000000e-01
1.382812499999999944e-01
1.386718750000000000e-01
1.344726562499999889e-01
1.397460937499999944e-01
1.365234375000000111e-01
1.331054687500000111e-01
1.427734374999999889e-01
1.325195312499999889e-01
1.333007812500000000e-01
1.329101562499999944e-01
1.379882812500000111e-01
1.259765625000000000e-01
1.322265625000000056e-01
1.296875000000000111e-01
1.312500000000000056e-01
1.343749999999999944e-01
1.366210937500000056e-01
1.327148437500000056e-01
1.334960937499999889e-01
1.376953125000000000e-01
1.278320312500000056e-01
1.295898437499999889e-01
1.338867187499999944e-01
1.342773437500000000e-01
1.287109375000000111e-01
1.302734375000000056e-01
1.264648437500000000e-01
1.244140625000000056e-01
1.284179687500000000e-01
1.291992187500000111e-01
1.245117187500000000e-01
1.232421875000000028e-01
1.272460937500000111e-01
1.325195312499999889e-01
1.205078125000000056e-01
1.191406250000000000e-01
1.282226562500000111e-01
1.211914062499999944e-01
1.214843750000000056e-01
1.287109375000000111e-01
1.187499999999999944e-01
1.258789062500000056e-01
1.172851562499999944e-01
1.220703125000000000e-01
1.214843750000000056e-01
1.202148437499999944e-01
1.142578125000000000e-01
1.187499999999999944e-01
1.162109375000000000e-01
1.118164062500000000e-01
1.130859374999999972e-01
1.162109375000000000e-01
1.138671874999999944e-01
1.185546875000000056e-01
1.111328124999999972e-01
1.110351562500000028e-01
1.070312499999999944e-01
1.104492187499999944e-01
1.073242187500000056e-01
1.062499999999999972e-01
1.026367187499999944e-01
1.041015624999999944e-01
1.089843749999999944e-01
1.089843749999999944e-01
1.070312499999999944e-01
1.093750000000000000e-01
1.036132812499999944e-01
1.047851562499999972e-01
1.028320312499999972e-01
1.011718749999999944e-01
9.394531250000000278e-02
1.034179687500000056e-01
1.016601562499999944e-01
9.472656250000000000e-02
9.882812500000000278e-02
9.687500000000000278e-02
1.000976562500000000e-01
9.248046875000000278e-02
9.570312500000000000e-02
9.150390625000000278e-02
9.277343750000000000e-02
9.404296874999999722e-02
9.082031250000000000e-02
9.091796874999999445e-02
9.042968749999999445e-02
8.837890625000000000e-02
8.603515624999999445e-02
8.935546875000000000e-02
8.222656250000000278e-02
8.066406249999999445e-02
8.466796875000000278e-02
8.671874999999999722e-02
8.701171874999999445e-02
8.076171875000000278e-02
7.382812499999999445e-02
7.763671875000000000e-02
8.125000000000000278e-02
7.978515625000000278e-02
7.558593750000000555e-02
7.382812499999999445e-02
7.617187500000000000e-02
7.070312500000000555e-02
7.255859374999999722e-02
7.031250000000000000e-02
6.816406249999999722e-02
7.109374999999999722e-02
7.343750000000000278e-02
7.265625000000000555e-02
6.669921874999999722e-02
6.621093749999999722e-02
6.484375000000000555e-02
5.673828125000000139e-02
6.767578124999999722e-02
6.669921874999999722e-02
6.064453125000000139e-02
5.908203125000000000e-02
5.800781249999999861e-02
5.371093750000000000e-02
5.810546875000000000e-02
5.634765625000000278e-02
5.595703124999999722e-02
5.986328124999999722e-02
5.732421875000000278e-02
5.585937500000000278e-02
5.156249999999999722e-02
4.951171875000000278e-02
5.341796875000000278e-02
4.531249999999999861e-02
4.580078124999999861e-02
5.000000000000000278e-02
4.931640625000000000e-02
4.423828124999999722e-02
4.355468750000000139e-02
4.257812500000000139e-02
3.935546874999999722e-02
4.199218750000000000e-02
4.277343749999999722e-02
4.033203124999999722e-02
4.042968749999999861e-02
3.857421875000000000e-02
3.740234374999999722e-02
3.476562500000000139e-02
3.720703125000000139e-02
3.535156250000000278e-02
3.261718749999999861e-02
3.056640625000000069e-02
2.900390624999999931e-02
3.056640625000000069e-02
3.173828125000000000e-02
3.037109375000000139e-02
2.939453125000000139e-02
2.685546875000000000e-02
2.949218749999999931e-02
2.490234375000000000e-02
2.646484375000000139e-02
2.675781249999999861e-02
2.373046875000000069e-02
2.343750000000000000e-02
2.148437500000000000e-02
2.265624999999999931e-02
2.138671874999999861e-02
2.158203125000000139e-02
2.089843749999999861e-02
2.138671874999999861e-02
1.933593750000000069e-02
1.787109375000000069e-02
1.884765625000000069e-02
1.816406250000000139e-02
1.806640625000000000e-02
1.503906250000000035e-02
1.425781249999999965e-02
1.396484375000000069e-02
1.386718749999999931e-02
1.162109375000000035e-02
1.269531250000000000e-02
1.142578124999999931e-02
1.298828125000000069e-02
1.035156249999999965e-02
8.496093749999999306e-03
9.277343750000000000e-03
9.179687500000000347e-03
7.812500000000000000e-03
7.226562500000000347e-03
0.000000000000000000e+00
0.000000000000000000e+00
0.000000000000000000e+00
0.000000000000000000e+00
0.000000000000000000e+00
0.000000000000000000e+00
0.000000000000000000e+00
0.000000000000000000e+00
0.000000000000000000e+00
0.000000000000000000e+00
0.000000000000000000e+00
0.000000000000000000e+00
0.000000000000000000e+00
0.000000000000000000e+00
0.000000000000000000e+00
0.000000000000000000e+00
0.000000000000000000e+00
0.000000000000000000e+00
0.000000000000000000e+00
0.000000000000000000e+00
0.000000000000000000e+00
0.000000000000000000e+00
0.000000000000000000e+00
0.000000000000000000e+00
0.000000000000000000e+00
