0.000000000000000000e+00
0.000000000000000000e+00
0.000000000000000000e+00
0.000000000000000000e+00
0.000000000000000000e+00
0.000000000000000000e+00
0.000000000000000000e+00
0.000000000000000000e+00
0.000000000000000000e+00
0.000000000000000000e+00
0.000000000000000000e+00
0.000000000000000000e+00
0.000000000000000000e+00
0.000000000000000000e+00
0.000000000000000000e+00
0.000000000000000000e+00
0.000000000000000000e+00
0.000000000000000000e+00
0.000000000000000000e+00
0.000000000000000000e+00
0.000000000000000000e+00
0.000000000000000000e+00
0.000000000000000000e+00
0.000000000000000000e+00
0.000000000000000000e+00
8.398437499999999653e-03
9.179687500000000347e-03
8.789062500000000000e-03
1.015625000000000035e-02
1.132812499999999965e-02
1.035156249999999965e-02
8.984374999999999306e-03
1.083984374999999965e-02
1.240234374999999931e-02
1.240234374999999931e-02
1.250000000000000069e-02
1.552734375000000035e-02
1.513671875000000000e-02
1.806640625000000000e-02
1.630859374999999931e-02
1.660156250000000000e-02
1.669921875000000139e-02
1.621093750000000139e-02
1.611328125000000000e-02
1.884765625000000069e-02
1.923828124999999931e-02
1.933593750000000069e-02
1.816406250000000139e-02
2.382812499999999861e-02
2.705078124999999931e-02
2.343750000000000000e-02
2.392578125000000000e-02
2.529296874999999861e-02
3.056640625000000069e-02
2.822265624999999861e-02
2.822265624999999861e-02
2.851562499999999931e-02
2.910156250000000069e-02
2.939453125000000139e-02
3.066406249999999861e-02
3.232421875000000139e-02
3.749999999999999861e-02
3.671875000000000139e-02
3.779296875000000278e-02
3.466796875000000000e-02
3.535156250000000278e-02
3.759765625000000000e-02
3.867187500000000139e-02
3.671875000000000139e-02
3.808593750000000000e-02
3.945312499999999861e-02
4.121093750000000278e-02
4.218750000000000278e-02
4.589843750000000000e-02
4.023437500000000278e-02
4.365234375000000278e-02
4.501953125000000139e-02
4.501953125000000139e-02
4.648437500000000139e-02
4.931640625000000000e-02
4.414062500000000278e-02
4.921874999999999861e-02
5.166015624999999861e-02
5.302734374999999722e-02
5.312499999999999861e-02
5.781250000000000278e-02
5.429687500000000139e-02
5.791015624999999722e-02
6.152343750000000000e-02
6.015625000000000139e-02
6.083984374999999722e-02
6.240234374999999861e-02
5.917968750000000139e-02
6.601562499999999445e-02
6.269531250000000278e-02
6.591796875000000000e-02
6.464843750000000278e-02
6.103515625000000000e-02
6.523437499999999722e-02
6.826171875000000555e-02
7.226562500000000000e-02
6.845703124999999445e-02
6.572265624999999722e-02
7.333984374999999445e-02
7.363281250000000555e-02
7.265625000000000555e-02
7.343750000000000278e-02
7.333984374999999445e-02
8.154296875000000000e-02
7.392578125000000278e-02
8.095703125000000555e-02
8.017578124999999445e-02
8.212890624999999445e-02
7.890624999999999722e-02
7.988281249999999722e-02
8.056640625000000000e-02
8.779296875000000555e-02
8.193359375000000555e-02
8.652343749999999445e-02
8.701171874999999445e-02
8.847656249999999445e-02
8.818359374999999722e-02
9.130859375000000000e-02
8.857421875000000278e-02
8.798828124999999445e-02
8.710937500000000278e-02
9.433593749999999445e-02
9.619140625000000000e-02
9.511718750000000555e-02
9.160156249999999722e-02
9.111328124999999722e-02
9.345703125000000278e-02
9.912109375000000000e-02
9.140624999999999445e-02
1.063476562500000056e-01
9.726562499999999445e-02
9.746093749999999722e-02
1.024414062500000056e-01
1.005859375000000000e-01
1.032226562500000028e-01
1.072265624999999972e-01
9.648437499999999722e-02
1.000000000000000056e-01
1.053710937500000056e-01
1.076171875000000028e-01
1.136718750000000056e-01
1.109374999999999944e-01
1.062499999999999972e-01
1.140624999999999972e-01
1.057617187499999972e-01
1.076171875000000028e-01
1.051757812500000028e-01
1.097656250000000056e-01
1.117187500000000056e-01
1.134765625000000028e-01
1.188476562500000028e-01
1.171875000000000000e-01
1.144531250000000028e-01
1.147460937500000000e-01
1.233398437499999972e-01
1.113281250000000000e-01
1.142578125000000000e-01
1.157226562500000000e-01
1.183593750000000028e-01
1.225585937500000000e-01
1.270507812499999944e-01
1.124023437499999944e-01
1.202148437499999944e-01
1.182617187499999944e-01
1.219726562500000056e-01
1.238281249999999972e-01
1.159179687500000028e-01
1.227539062500000028e-01
1.194335937499999972e-01
1.306640625000000111e-01
1.270507812499999944e-01
1.221679687499999944e-01
1.250000000000000000e-01
1.287109375000000111e-01
1.251953124999999889e-01
1.332031250000000056e-01
1.326171875000000111e-01
1.235351562500000000e-01
1.369140624999999889e-01
1.294921874999999944e-01
1.285156249999999944e-01
1.306640625000000111e-01
1.321289062500000111e-01
1.321289062500000111e-01
1.302734375000000056e-01
1.298828125000000000e-01
1.317382812500000056e-01
1.310546874999999889e-01
1.359374999999999889e-01
1.320312499999999889e-01
1.305664062499999889e-01
1.326171875000000111e-01
1.259765625000000000e-01
1.334960937499999889e-01
1.366210937500000056e-01
1.375976562500000056e-01
1.327148437500000056e-01
1.388671874999999889e-01
1.352539062500000000e-01
1.282226562500000111e-01
1.355468750000000111e-01
1.457031249999999889e-01
1.390625000000000056e-01
1.318359375000000000e-01
1.306640625000000111e-01
1.362304687500000000e-01
1.443359375000000111e-01
1.312500000000000056e-01
1.307617187500000056e-01
1.351562500000000056e-01
1.354492187499999889e-01
1.350585937500000111e-01
1.366210937500000056e-01
1.392578124999999944e-01
1.328125000000000000e-01
1.414062500000000111e-01
1.373046874999999944e-01
1.399414062500000111e-01
1.368164062499999944e-01
1.319335937499999944e-01
1.346679687500000056e-01
1.412109374999999944e-01
1.380859375000000056e-01
1.332031250000000056e-01
1.362304687500000000e-01
1.324218749999999944e-01
1.305664062499999889e-01
1.363281249999999944e-01
1.343749999999999944e-01
1.364257812499999889e-01
1.345703125000000111e-01
1.369140624999999889e-01
1.363281249999999944e-01
1.367187500000000000e-01
1.350585937500000111e-01
1.285156249999999944e-01
1.351562500000000056e-01
1.324218749999999944e-01
1.374023437499999889e-01
1.368164062499999944e-01
1.372070312500000000e-01
1.332031250000000056e-01
1.411132812500000000e-01
1.354492187499999889e-01
1.296875000000000111e-01
1.410156250000000056e-01
1.334960937499999889e-01
1.305664062499999889e-01
1.348632812499999944e-01
1.308593750000000000e-01
1.336914062500000056e-01
1.329101562499999944e-01
1.343749999999999944e-01
1.325195312499999889e-01
1.375000000000000111e-01
1.374023437499999889e-01
1.255859374999999944e-01
1.254882812500000000e-01
1.342773437500000000e-01
1.237304687500000028e-01
1.338867187499999944e-01
1.332031250000000056e-01
1.264648437500000000e-01
1.261718749999999889e-01
1.241210937499999944e-01
1.299804687499999944e-01
1.258789062500000056e-01
1.213867187499999972e-01
1.353515624999999944e-01
1.245117187500000000e-01
1.273437500000000056e-01
1.279296875000000000e-01
1.286132812499999889e-01
1.227539062500000028e-01
1.267578125000000111e-01
1.321289062500000111e-01
1.303710937500000000e-01
1.250000000000000000e-01
1.361328125000000056e-01
1.294921874999999944e-01
1.182617187499999944e-01
1.221679687499999944e-01
1.293945312500000000e-01
1.294921874999999944e-01
1.245117187500000000e-01
1.261718749999999889e-01
1.287109375000000111e-01
1.283203125000000056e-01
1.255859374999999944e-01
1.261718749999999889e-01
1.169921874999999972e-01
1.265624999999999944e-01
1.144531250000000028e-01
1.204101562499999972e-01
1.190429687500000056e-01
1.237304687500000028e-01
1.200195312500000056e-01
1.195312500000000056e-01
1.264648437500000000e-01
1.208007812500000028e-01
1.252929687500000111e-01
1.255859374999999944e-01
1.198242187500000028e-01
1.203125000000000028e-01
1.167968749999999944e-01
1.235351562500000000e-01
1.256835937499999889e-01
1.210937500000000000e-01
1.200195312500000056e-01
1.190429687500000056e-01
1.163085937499999944e-01
1.135742187499999972e-01
1.161132812500000056e-01
1.152343750000000000e-01
1.177734374999999944e-01
1.205078125000000056e-01
1.186523437500000000e-01
1.207031249999999944e-01
1.197265624999999944e-01
1.157226562500000000e-01
1.260742187499999944e-01
1.153320312499999944e-01
1.190429687500000056e-01
1.227539062500000028e-01
1.262695312500000111e-01
1.215820312500000000e-01
1.220703125000000000e-01
1.203125000000000028e-01
1.173828125000000028e-01
1.173828125000000028e-01
1.128906249999999944e-01
1.122070312500000056e-01
1.168945312500000028e-01
1.114257812499999944e-01
1.210937500000000000e-01
1.174804687499999972e-01
1.170898437500000056e-01
1.110351562500000028e-01
1.193359375000000028e-01
1.164062500000000028e-01
1.165039062499999972e-01
1.152343750000000000e-01
1.166015625000000056e-01
1.208984374999999972e-01
1.181640625000000000e-01
1.166992187500000000e-01
1.103515625000000000e-01
1.228515624999999972e-01
1.115234375000000028e-01
1.206054687500000000e-01
1.188476562500000028e-01
1.116210937499999972e-01
1.225585937500000000e-01
1.142578125000000000e-01
1.149414062500000028e-01
1.197265624999999944e-01
1.214843750000000056e-01
1.167968749999999944e-01
1.180664062500000056e-01
1.173828125000000028e-01
1.124023437499999944e-01
1.224609375000000056e-01
1.131835937500000056e-01
1.161132812500000056e-01
1.209960937500000056e-01
1.160156249999999972e-01
1.199218749999999972e-01
1.139648437500000028e-01
1.214843750000000056e-01
1.112304687500000056e-01
1.205078125000000056e-01
1.237304687500000028e-01
1.115234375000000028e-01
1.139648437500000028e-01
1.190429687500000056e-01
1.234375000000000056e-01
1.167968749999999944e-01
1.176757812500000000e-01
1.179687499999999972e-01
1.175781250000000056e-01
1.180664062500000056e-01
1.174804687499999972e-01
1.173828125000000028e-01
1.160156249999999972e-01
1.116210937499999972e-01
1.150390624999999972e-01
1.112304687500000056e-01
1.166992187500000000e-01
1.231445312499999944e-01
1.185546875000000056e-01
1.149414062500000028e-01
1.225585937500000000e-01
1.124023437499999944e-01
1.159179687500000028e-01
1.226562499999999944e-01
1.117187500000000056e-01
1.191406250000000000e-01
1.225585937500000000e-01
1.181640625000000000e-01
1.169921874999999972e-01
1.165039062499999972e-01
1.210937500000000000e-01
1.220703125000000000e-01
1.144531250000000028e-01
1.196289062500000000e-01
1.177734374999999944e-01
1.146484375000000056e-01
1.194335937499999972e-01
1.172851562499999944e-01
1.156250000000000056e-01
1.201171875000000000e-01
1.153320312499999944e-01
1.135742187499999972e-01
1.152343750000000000e-01
1.270507812499999944e-01
1.168945312500000028e-01
1.207031249999999944e-01
1.194335937499999972e-01
1.209960937500000056e-01
1.113281250000000000e-01
1.174804687499999972e-01
1.182617187499999944e-01
1.158203124999999944e-01
1.213867187499999972e-01
1.238281249999999972e-01
1.178710937500000028e-01
1.216796874999999944e-01
1.236328124999999944e-01
1.250000000000000000e-01
1.194335937499999972e-01
1.174804687499999972e-01
1.109374999999999944e-01
1.215820312500000000e-01
1.180664062500000056e-01
1.180664062500000056e-01
1.156250000000000056e-01
1.203125000000000028e-01
1.148437499999999944e-01
1.198242187500000028e-01
1.189453124999999972e-01
1.252929687500000111e-01
1.226562499999999944e-01
1.208007812500000028e-01
1.177734374999999944e-01
1.244140625000000056e-01
1.211914062499999944e-01
1.160156249999999972e-01
1.193359375000000028e-01
1.218749999999999972e-01
1.155273437499999972e-01
1.162109375000000000e-01
1.156250000000000056e-01
1.204101562499999972e-01
1.234375000000000056e-01
1.194335937499999972e-01
1.190429687500000056e-01
1.141601562500000056e-01
1.193359375000000028e-01
1.223632812499999972e-01
1.231445312499999944e-01
1.175781250000000056e-01
1.146484375000000056e-01
1.290039062499999944e-01
1.293945312500000000e-01
1.256835937499999889e-01
1.176757812500000000e-01
1.250976562499999944e-01
1.216796874999999944e-01
1.231445312499999944e-01
1.226562499999999944e-01
1.229492187500000056e-01
1.212890625000000028e-01
1.186523437500000000e-01
1.210937500000000000e-01
1.321289062500000111e-01
1.219726562500000056e-01
1.197265624999999944e-01
1.226562499999999944e-01
1.258789062500000056e-01
1.196289062500000000e-01
1.310546874999999889e-01
1.213867187499999972e-01
1.146484375000000056e-01
1.211914062499999944e-01
1.236328124999999944e-01
1.204101562499999972e-01
1.152343750000000000e-01
1.162109375000000000e-01
1.291015624999999889e-01
1.224609375000000056e-01
1.229492187500000056e-01
1.256835937499999889e-01
1.181640625000000000e-01
1.229492187500000056e-01
1.211914062499999944e-01
1.166015625000000056e-01
1.223632812499999972e-01
1.217773437500000028e-01
1.219726562500000056e-01
1.250000000000000000e-01
1.192382812499999944e-01
1.197265624999999944e-01
1.179687499999999972e-01
1.175781250000000056e-01
1.222656250000000028e-01
1.201171875000000000e-01
1.199218749999999972e-01
1.153320312499999944e-01
1.170898437500000056e-01
1.194335937499999972e-01
1.187499999999999944e-01
1.211914062499999944e-01
1.271484374999999889e-01
1.214843750000000056e-01
1.211914062499999944e-01
1.167968749999999944e-01
1.219726562500000056e-01
1.162109375000000000e-01
1.164062500000000028e-01
1.196289062500000000e-01
1.181640625000000000e-01
1.198242187500000028e-01
1.158203124999999944e-01
1.204101562499999972e-01
1.203125000000000028e-01
1.214843750000000056e-01
1.192382812499999944e-01
1.204101562499999972e-01
1.270507812499999944e-01
1.175781250000000056e-01
1.171875000000000000e-01
1.185546875000000056e-01
1.219726562500000056e-01
1.166015625000000056e-01
1.184570312499999972e-01
1.198242187500000028e-01
1.183593750000000028e-01
1.091796874999999972e-01
1.176757812500000000e-01
1.222656250000000028e-01
1.179687499999999972e-01
1.204101562499999972e-01
1.236328124999999944e-01
1.201171875000000000e-01
1.168945312500000028e-01
1.158203124999999944e-01
1.132812500000000000e-01
1.198242187500000028e-01
1.172851562499999944e-01
1.219726562500000056e-01
1.156250000000000056e-01
1.148437499999999944e-01
1.171875000000000000e-01
1.164062500000000028e-01
1.186523437500000000e-01
1.083984375000000000e-01
1.191406250000000000e-01
1.132812500000000000e-01
1.193359375000000028e-01
1.188476562500000028e-01
1.176757812500000000e-01
1.172851562499999944e-01
1.185546875000000056e-01
1.196289062500000000e-01
1.168945312500000028e-01
1.167968749999999944e-01
1.189453124999999972e-01
1.164062500000000028e-01
1.158203124999999944e-01
1.167968749999999944e-01
1.160156249999999972e-01
1.103515625000000000e-01
1.179687499999999972e-01
1.138671874999999944e-01
1.129882812500000028e-01
1.207031249999999944e-01
1.160156249999999972e-01
1.160156249999999972e-01
1.132812500000000000e-01
1.162109375000000000e-01
1.215820312500000000e-01
1.217773437500000028e-01
1.181640625000000000e-01
1.185546875000000056e-01
1.175781250000000056e-01
1.189453124999999972e-01
1.160156249999999972e-01
1.086914062499999972e-01
1.105468750000000028e-01
1.126953125000000056e-01
1.185546875000000056e-01
1.194335937499999972e-01
1.164062500000000028e-01
1.149414062500000028e-01
1.152343750000000000e-01
1.181640625000000000e-01
1.167968749999999944e-01
1.120117187500000028e-01
1.171875000000000000e-01
1.141601562500000056e-01
1.097656250000000056e-01
1.131835937500000056e-01
1.125000000000000028e-01
1.095703125000000028e-01
1.130859374999999972e-01
1.162109375000000000e-01
1.110351562500000028e-01
1.148437499999999944e-01
1.174804687499999972e-01
1.142578125000000000e-01
1.065429687499999944e-01
1.101562499999999972e-01
1.108398437500000000e-01
1.106445312499999972e-01
1.116210937499999972e-01
1.101562499999999972e-01
1.167968749999999944e-01
1.127929687500000000e-01
1.140624999999999972e-01
1.146484375000000056e-01
1.181640625000000000e-01
1.156250000000000056e-01
1.174804687499999972e-01
1.099609374999999944e-01
1.114257812499999944e-01
1.105468750000000028e-01
1.155273437499999972e-01
1.148437499999999944e-01
1.149414062500000028e-01
1.145507812499999972e-01
1.107421875000000056e-01
1.158203124999999944e-01
1.123046875000000000e-01
1.125000000000000028e-01
1.096679687499999972e-01
1.113281250000000000e-01
1.152343750000000000e-01
1.160156249999999972e-01
1.164062500000000028e-01
1.129882812500000028e-01
1.165039062499999972e-01
1.122070312500000056e-01
1.116210937499999972e-01
1.143554687499999944e-01
1.127929687500000000e-01
1.137695312500000000e-01
1.103515625000000000e-01
1.140624999999999972e-01
1.080078124999999944e-01
1.125000000000000028e-01
1.166015625000000056e-01
1.137695312500000000e-01
1.151367187500000056e-01
1.178710937500000028e-01
1.157226562500000000e-01
1.154296875000000028e-01
1.090820312500000028e-01
1.144531250000000028e-01
1.194335937499999972e-01
1.113281250000000000e-01
1.092773437500000056e-01
1.168945312500000028e-01
1.175781250000000056e-01
1.108398437500000000e-01
1.211914062499999944e-01
1.167968749999999944e-01
1.187499999999999944e-01
1.108398437500000000e-01
1.158203124999999944e-01
1.184570312499999972e-01
1.104492187499999944e-01
1.166992187500000000e-01
1.130859374999999972e-01
1.136718750000000056e-01
1.179687499999999972e-01
1.172851562499999944e-01
1.171875000000000000e-01
1.200195312500000056e-01
1.218749999999999972e-01
1.128906249999999944e-01
1.176757812500000000e-01
1.169921874999999972e-01
1.147460937500000000e-01
1.192382812499999944e-01
1.187499999999999944e-01
1.221679687499999944e-01
1.193359375000000028e-01
1.171875000000000000e-01
1.174804687499999972e-01
1.167968749999999944e-01
1.180664062500000056e-01
1.163085937499999944e-01
1.171875000000000000e-01
1.211914062499999944e-01
1.154296875000000028e-01
1.260742187499999944e-01
1.220703125000000000e-01
1.181640625000000000e-01
1.252929687500000111e-01
1.189453124999999972e-01
1.172851562499999944e-01
1.261718749999999889e-01
1.283203125000000056e-01
1.217773437500000028e-01
1.231445312499999944e-01
1.263671875000000056e-01
1.273437500000000056e-01
1.215820312500000000e-01
1.267578125000000111e-01
1.300781249999999889e-01
1.272460937500000111e-01
1.238281249999999972e-01
1.287109375000000111e-01
1.283203125000000056e-01
1.274414062500000000e-01
1.277343750000000111e-01
1.268554687500000056e-01
1.273437500000000056e-01
1.273437500000000056e-01
1.255859374999999944e-01
1.277343750000000111e-01
1.290039062499999944e-01
1.278320312500000056e-01
1.296875000000000111e-01
1.324218749999999944e-01
1.265624999999999944e-01
1.248046874999999972e-01
1.326171875000000111e-01
1.288085937500000056e-01
1.240234375000000000e-01
1.262695312500000111e-01
1.348632812499999944e-01
1.285156249999999944e-01
1.299804687499999944e-01
1.358398437499999944e-01
1.353515624999999944e-01
1.312500000000000056e-01
1.342773437500000000e-01
1.383789062499999889e-01
1.343749999999999944e-01
1.368164062499999944e-01
1.338867187499999944e-01
1.384765625000000111e-01
1.297851562500000056e-01
1.333984374999999944e-01
1.331054687500000111e-01
1.359374999999999889e-01
1.404296875000000111e-01
1.305664062499999889e-01
1.366210937500000056e-01
1.341796875000000056e-01
1.321289062500000111e-01
1.365234375000000111e-01
1.431640624999999944e-01
1.435546875000000000e-01
1.357421875000000000e-01
1.357421875000000000e-01
1.272460937500000111e-01
1.277343750000000111e-01
1.372070312500000000e-01
1.347656250000000000e-01
1.335937500000000111e-01
1.374023437499999889e-01
1.311523437500000111e-01
1.309570312499999944e-01
1.406250000000000000e-01
1.401367187500000000e-01
1.424804687500000056e-01
1.375000000000000111e-01
1.378906249999999889e-01
1.410156250000000056e-01
1.392578124999999944e-01
1.370117187500000111e-01
1.349609374999999889e-01
1.325195312499999889e-01
1.345703125000000111e-01
1.383789062499999889e-01
1.304687499999999944e-01
1.347656250000000000e-01
1.318359375000000000e-01
1.348632812499999944e-01
1.321289062500000111e-01
1.356445312500000056e-01
1.329101562499999944e-01
1.433593750000000111e-01
1.375976562500000056e-01
1.334960937499999889e-01
1.329101562499999944e-01
1.413085937499999889e-01
1.364257812499999889e-01
1.320312499999999889e-01
1.275390624999999944e-01
1.339843749999999889e-01
1.346679687500000056e-01
1.405273437500000056e-01
1.336914062500000056e-01
1.333007812500000000e-01
1.362304687500000000e-01
1.376953125000000000e-01
1.312500000000000056e-01
1.355468750000000111e-01
1.342773437500000000e-01
1.316406250000000111e-01
1.287109375000000111e-01
1.345703125000000111e-01
1.280273437499999944e-01
1.305664062499999889e-01
1.279296875000000000e-01
1.266601562499999889e-01
1.273437500000000056e-01
1.252929687500000111e-01
1.344726562499999889e-01
1.293945312500000000e-01
1.331054687500000111e-01
1.215820312500000000e-01
1.326171875000000111e-01
1.213867187499999972e-01
1.244140625000000056e-01
1.281249999999999889e-01
1.237304687500000028e-01
1.175781250000000056e-01
1.207031249999999944e-01
1.247070312500000028e-01
1.164062500000000028e-01
1.218749999999999972e-01
1.201171875000000000e-01
1.159179687500000028e-01
1.194335937499999972e-01
1.188476562500000028e-01
1.213867187499999972e-01
1.167968749999999944e-01
1.179687499999999972e-01
1.216796874999999944e-01
1.212890625000000028e-01
1.136718750000000056e-01
1.157226562500000000e-01
1.211914062499999944e-01
1.139648437500000028e-01
1.129882812500000028e-01
1.146484375000000056e-01
1.188476562500000028e-01
1.134765625000000028e-01
1.070312499999999944e-01
1.114257812499999944e-01
1.069335937500000000e-01
1.090820312500000028e-01
1.041015624999999944e-01
1.079101562500000000e-01
1.072265624999999972e-01
1.081054687500000028e-01
1.103515625000000000e-01
9.951171875000000555e-02
1.000000000000000056e-01
1.037109375000000028e-01
1.017578125000000028e-01
9.873046874999999445e-02
1.041015624999999944e-01
9.912109375000000000e-02
1.002929687500000028e-01
9.882812500000000278e-02
9.462890625000000555e-02
9.130859375000000000e-02
9.824218749999999445e-02
9.746093749999999722e-02
9.716796875000000000e-02
9.492187500000000278e-02
9.267578125000000555e-02
9.365234375000000555e-02
9.316406250000000555e-02
8.896484374999999445e-02
8.867187499999999722e-02
9.501953124999999722e-02
8.613281250000000278e-02
9.062499999999999722e-02
9.062499999999999722e-02
8.613281250000000278e-02
8.242187500000000555e-02
7.988281249999999722e-02
7.734375000000000278e-02
7.958984375000000000e-02
8.457031249999999445e-02
7.441406250000000278e-02
7.714843750000000000e-02
8.115234374999999445e-02
7.763671875000000000e-02
7.119140625000000555e-02
7.597656249999999722e-02
7.675781249999999445e-02
7.167968750000000555e-02
6.904296875000000278e-02
7.304687499999999722e-02
6.914062499999999722e-02
7.207031249999999722e-02
6.865234374999999722e-02
6.845703124999999445e-02
6.552734374999999445e-02
6.279296874999999722e-02
5.791015624999999722e-02
6.757812500000000278e-02
6.054687500000000000e-02
5.839843749999999722e-02
5.712890625000000000e-02
5.712890625000000000e-02
5.849609374999999861e-02
5.703124999999999861e-02
5.888671874999999722e-02
5.361328124999999861e-02
5.400390624999999722e-02
5.419921875000000000e-02
5.166015624999999861e-02
5.322265625000000000e-02
5.322265625000000000e-02
5.283203125000000139e-02
5.000000000000000278e-02
5.107421874999999722e-02
5.087890625000000139e-02
4.384765624999999861e-02
4.570312499999999722e-02
4.599609375000000139e-02
4.599609375000000139e-02
4.316406250000000278e-02
4.121093750000000278e-02
4.619140624999999722e-02
3.984374999999999722e-02
3.691406249999999722e-02
4.003906250000000000e-02
3.945312499999999861e-02
3.886718749999999722e-02
3.427734375000000139e-02
3.535156250000000278e-02
3.193359375000000278e-02
3.544921874999999722e-02
3.066406249999999861e-02
3.291015625000000278e-02
3.076171875000000000e-02
3.076171875000000000e-02
3.056640625000000069e-02
2.744140625000000139e-02
2.841796875000000139e-02
2.431640624999999861e-02
2.500000000000000139e-02
2.402343750000000139e-02
2.636718750000000000e-02
2.314453124999999931e-02
2.294921875000000000e-02
1.972656249999999931e-02
2.031250000000000069e-02
2.138671874999999861e-02
2.011718750000000139e-02
1.943359374999999861e-02
2.167968749999999931e-02
1.904296875000000000e-02
1.669921875000000139e-02
1.826171874999999931e-02
1.591796875000000069e-02
1.640625000000000069e-02
1.337890624999999931e-02
1.445312500000000069e-02
1.406250000000000035e-02
1.376953124999999965e-02
1.181640624999999965e-02
1.005859375000000069e-02
1.162109375000000035e-02
9.082031250000000694e-03
1.162109375000000035e-02
9.960937499999999306e-03
1.035156249999999965e-02
8.300781250000000000e-03
7.519531250000000173e-03
8.105468750000000694e-03
0.000000000000000000e+00
0.000000000000000000e+00
0.000000000000000000e+00
0.000000000000000000e+00
0.000000000000000000e+00
0.000000000000000000e+00
0.000000000000000000e+00
0.000000000000000000e+00
0.000000000000000000e+00
0.000000000000000000e+00
0.000000000000000000e+00
0.000000000000000000e+00
0.000000000000000000e+00
0.000000000000000000e+00
0.000000000000000000e+00
0.000000000000000000e+00
0.000000000000000000e+00
0.000000000000000000e+00
0.000000000000000000e+00
0.000000000000000000e+00
0.000000000000000000e+00
0.000000000000000000e+00
0.000000000000000000e+00
0.000000000000000000e+00
0.000000000000000000e+00
