2.176734748980365897e+00
2.199719624742332957e+00
2.169379467527527083e+00
2.185638513944131223e+00
2.172208633176315296e+00
2.181354469157360754e+00
2.178905817707773807e+00
2.177833800058142977e+00
2.170078705440283695e+00
2.175027215581779583e+00
2.178952188864135220e+00
2.178349842695198824e+00
2.179903998679595389e+00
2.179007602364328999e+00
2.174354855628359839e+00
2.178647772697529295e+00
2.178924261868296242e+00
2.175077623117223968e+00
2.180044887931785969e+00
2.182837593397187081e+00
2.180930154739655347e+00
2.193655993909251478e+00
2.185531030455180712e+00
2.178779751481052962e+00
2.181417468900326728e+00
2.175549261216843444e+00
2.177625107319788533e+00
2.163564335236696667e+00
2.189800143825475054e+00
2.179326051163466893e+00
2.189708335449240817e+00
2.170532659971482037e+00
2.178125622732189903e+00
2.187279242495188569e+00
2.177070555987437928e+00
2.172902465892548207e+00
2.168325236561736258e+00
2.180957146445743788e+00
2.196016056473670375e+00
2.178923830938763739e+00
2.179700573197015601e+00
2.174059777708159391e+00
2.174271937461495163e+00
2.174652764887297085e+00
2.168869171123983808e+00
2.161728691803018965e+00
2.175889645629111246e+00
2.211531906875257913e+00
2.198538848494325570e+00
2.174343588278843331e+00
2.181255810639278092e+00
2.171734048960613173e+00
2.181020783246715666e+00
2.173914702347616412e+00
2.188356080098499135e+00
2.180119201277550101e+00
2.164004530095513523e+00
2.185685693011150121e+00
2.180877057407178299e+00
2.174918855015554264e+00
2.178858571383514686e+00
2.176383935132431446e+00
2.188012025953987472e+00
2.182320411593877463e+00
