0.000000000000000000e+00
0.000000000000000000e+00
0.000000000000000000e+00
0.000000000000000000e+00
0.000000000000000000e+00
0.000000000000000000e+00
0.000000000000000000e+00
0.000000000000000000e+00
0.000000000000000000e+00
0.000000000000000000e+00
0.000000000000000000e+00
0.000000000000000000e+00
0.000000000000000000e+00
0.000000000000000000e+00
0.000000000000000000e+00
0.000000000000000000e+00
0.000000000000000000e+00
0.000000000000000000e+00
0.000000000000000000e+00
0.000000000000000000e+00
0.000000000000000000e+00
0.000000000000000000e+00
0.000000000000000000e+00
0.000000000000000000e+00
0.000000000000000000e+00
8.691406250000000347e-03
8.203125000000000347e-03
7.910156249999999653e-03
8.984374999999999306e-03
1.035156249999999965e-02
1.240234374999999931e-02
1.015625000000000035e-02
1.152343750000000069e-02
1.171875000000000000e-02
1.279296874999999965e-02
1.357421875000000035e-02
1.523437499999999965e-02
1.386718749999999931e-02
1.591796875000000069e-02
1.660156250000000000e-02
1.669921875000000139e-02
1.992187499999999861e-02
1.728515624999999931e-02
1.923828124999999931e-02
1.796874999999999861e-02
2.011718750000000139e-02
1.650390624999999861e-02
1.894531249999999861e-02
2.255859375000000139e-02
2.402343750000000139e-02
2.626953124999999861e-02
2.558593749999999931e-02
2.597656250000000139e-02
2.255859375000000139e-02
2.529296874999999861e-02
2.724609374999999861e-02
2.734375000000000000e-02
2.851562499999999931e-02
3.232421875000000139e-02
3.066406249999999861e-02
3.134765625000000139e-02
3.154296874999999722e-02
3.222656250000000000e-02
3.574218750000000139e-02
3.417968750000000000e-02
3.740234374999999722e-02
3.955078125000000000e-02
3.837890624999999722e-02
4.121093750000000278e-02
3.515625000000000000e-02
4.150390625000000000e-02
4.277343749999999722e-02
4.130859374999999722e-02
4.160156250000000139e-02
4.609375000000000278e-02
4.267578125000000278e-02
4.550781250000000139e-02
4.677734374999999861e-02
4.814453124999999722e-02
4.697265625000000139e-02
4.902343750000000278e-02
5.390625000000000278e-02
5.361328124999999861e-02
5.068359374999999861e-02
5.322265625000000000e-02
5.068359374999999861e-02
5.751953124999999861e-02
5.439453125000000278e-02
5.791015624999999722e-02
5.576171875000000139e-02
6.064453125000000139e-02
5.888671874999999722e-02
6.025390625000000278e-02
5.888671874999999722e-02
6.562500000000000278e-02
6.152343750000000000e-02
6.367187500000000278e-02
6.845703124999999445e-02
7.050781250000000278e-02
6.787109375000000000e-02
7.060546874999999722e-02
7.099609375000000278e-02
7.353515624999999722e-02
7.216796875000000555e-02
7.197265625000000278e-02
7.812500000000000000e-02
7.939453124999999722e-02
7.685546875000000278e-02
7.314453125000000555e-02
8.134765624999999722e-02
7.792968749999999722e-02
7.880859375000000278e-02
7.675781249999999445e-02
8.105468750000000000e-02
7.783203125000000278e-02
8.291015625000000555e-02
8.203125000000000000e-02
8.457031249999999445e-02
8.417968750000000278e-02
8.789062500000000000e-02
8.496093750000000000e-02
8.125000000000000278e-02
8.769531249999999722e-02
8.994140624999999445e-02
8.798828124999999445e-02
8.906250000000000278e-02
8.779296875000000555e-02
9.306640624999999722e-02
9.072265625000000555e-02
9.013671874999999722e-02
9.550781249999999722e-02
9.746093749999999722e-02
9.707031250000000555e-02
9.667968750000000000e-02
9.746093749999999722e-02
1.000976562500000000e-01
1.052734374999999972e-01
1.027343750000000028e-01
1.018554687499999972e-01
1.031249999999999944e-01
1.051757812500000028e-01
1.029296875000000056e-01
1.106445312499999972e-01
1.048828125000000056e-01
1.053710937500000056e-01
1.056640625000000028e-01
1.111328124999999972e-01
1.066406250000000028e-01
1.067382812499999972e-01
1.104492187499999944e-01
1.129882812500000028e-01
1.104492187499999944e-01
1.125976562499999972e-01
1.125976562499999972e-01
1.111328124999999972e-01
1.095703125000000028e-01
1.166992187500000000e-01
1.157226562500000000e-01
1.161132812500000056e-01
1.141601562500000056e-01
1.154296875000000028e-01
1.165039062499999972e-01
1.165039062499999972e-01
1.217773437500000028e-01
1.170898437500000056e-01
1.213867187499999972e-01
1.240234375000000000e-01
1.181640625000000000e-01
1.213867187499999972e-01
1.234375000000000056e-01
1.232421875000000028e-01
1.229492187500000056e-01
1.218749999999999972e-01
1.287109375000000111e-01
1.313476562500000000e-01
1.230468750000000000e-01
1.276367187499999889e-01
1.271484374999999889e-01
1.263671875000000056e-01
1.233398437499999972e-01
1.250976562499999944e-01
1.319335937499999944e-01
1.319335937499999944e-01
1.249023437500000056e-01
1.307617187500000056e-01
1.306640625000000111e-01
1.345703125000000111e-01
1.339843749999999889e-01
1.289062500000000000e-01
1.270507812499999944e-01
1.332031250000000056e-01
1.247070312500000028e-01
1.293945312500000000e-01
1.323242187500000000e-01
1.349609374999999889e-01
1.319335937499999944e-01
1.345703125000000111e-01
1.352539062500000000e-01
1.310546874999999889e-01
1.373046874999999944e-01
1.347656250000000000e-01
1.299804687499999944e-01
1.372070312500000000e-01
1.391601562500000000e-01
1.378906249999999889e-01
1.376953125000000000e-01
1.316406250000000111e-01
1.432617187499999889e-01
1.358398437499999944e-01
1.391601562500000000e-01
1.409179687500000111e-01
1.360351562500000111e-01
1.392578124999999944e-01
1.438476562500000111e-01
1.367187500000000000e-01
1.386718750000000000e-01
1.346679687500000056e-01
1.393554687499999889e-01
1.335937500000000111e-01
1.353515624999999944e-01
1.347656250000000000e-01
1.381835937500000000e-01
1.306640625000000111e-01
1.383789062499999889e-01
1.434570312500000056e-01
1.367187500000000000e-01
1.391601562500000000e-01
1.393554687499999889e-01
1.387695312499999944e-01
1.378906249999999889e-01
1.382812499999999944e-01
1.362304687500000000e-01
1.385742187500000056e-01
1.326171875000000111e-01
1.325195312499999889e-01
1.365234375000000111e-01
1.342773437500000000e-01
1.311523437500000111e-01
1.357421875000000000e-01
1.371093750000000056e-01
1.383789062499999889e-01
1.334960937499999889e-01
1.294921874999999944e-01
1.379882812500000111e-01
1.396484375000000000e-01
1.384765625000000111e-01
1.345703125000000111e-01
1.281249999999999889e-01
1.381835937500000000e-01
1.343749999999999944e-01
1.294921874999999944e-01
1.390625000000000056e-01
1.277343750000000111e-01
1.378906249999999889e-01
1.351562500000000056e-01
1.281249999999999889e-01
1.335937500000000111e-01
1.332031250000000056e-01
1.402343749999999944e-01
1.345703125000000111e-01
1.342773437500000000e-01
1.376953125000000000e-01
1.348632812499999944e-01
1.262695312500000111e-01
1.309570312499999944e-01
1.328125000000000000e-01
1.335937500000000111e-01
1.283203125000000056e-01
1.278320312500000056e-01
1.323242187500000000e-01
1.295898437499999889e-01
1.304687499999999944e-01
1.271484374999999889e-01
1.313476562500000000e-01
1.300781249999999889e-01
1.292968750000000056e-01
1.269531250000000000e-01
1.333007812500000000e-01
1.270507812499999944e-01
1.291015624999999889e-01
1.326171875000000111e-01
1.278320312500000056e-01
1.231445312499999944e-01
1.209960937500000056e-01
1.273437500000000056e-01
1.296875000000000111e-01
1.309570312499999944e-01
1.236328124999999944e-01
1.166992187500000000e-01
1.272460937500000111e-01
1.221679687499999944e-01
1.314453124999999944e-01
1.242187500000000028e-01
1.241210937499999944e-01
1.168945312500000028e-01
1.246093749999999944e-01
1.232421875000000028e-01
1.210937500000000000e-01
1.226562499999999944e-01
1.183593750000000028e-01
1.213867187499999972e-01
1.213867187499999972e-01
1.185546875000000056e-01
1.250976562499999944e-01
1.196289062500000000e-01
1.230468750000000000e-01
1.164062500000000028e-01
1.160156249999999972e-01
1.138671874999999944e-01
1.221679687499999944e-01
1.165039062499999972e-01
1.139648437500000028e-01
1.289062500000000000e-01
1.190429687500000056e-01
1.150390624999999972e-01
1.247070312500000028e-01
1.185546875000000056e-01
1.204101562499999972e-01
1.156250000000000056e-01
1.220703125000000000e-01
1.217773437500000028e-01
1.156250000000000056e-01
1.191406250000000000e-01
1.197265624999999944e-01
1.230468750000000000e-01
1.150390624999999972e-01
1.165039062499999972e-01
1.140624999999999972e-01
1.153320312499999944e-01
1.131835937500000056e-01
1.129882812500000028e-01
1.185546875000000056e-01
1.164062500000000028e-01
1.177734374999999944e-01
1.125976562499999972e-01
1.131835937500000056e-01
1.166992187500000000e-01
1.209960937500000056e-01
1.154296875000000028e-01
1.155273437499999972e-01
1.195312500000000056e-01
1.162109375000000000e-01
1.185546875000000056e-01
1.169921874999999972e-01
1.099609374999999944e-01
1.138671874999999944e-01
1.141601562500000056e-01
1.136718750000000056e-01
1.135742187499999972e-01
1.161132812500000056e-01
1.147460937500000000e-01
1.193359375000000028e-01
1.111328124999999972e-01
1.192382812499999944e-01
1.119140624999999944e-01
1.125000000000000028e-01
1.158203124999999944e-01
1.141601562500000056e-01
1.076171875000000028e-01
1.208007812500000028e-01
1.088867187500000000e-01
1.149414062500000028e-01
1.169921874999999972e-01
1.135742187499999972e-01
1.129882812500000028e-01
1.166992187500000000e-01
1.137695312500000000e-01
1.176757812500000000e-01
1.182617187499999944e-01
1.103515625000000000e-01
1.202148437499999944e-01
1.091796874999999972e-01
1.159179687500000028e-01
1.104492187499999944e-01
1.181640625000000000e-01
1.136718750000000056e-01
1.162109375000000000e-01
1.143554687499999944e-01
1.195312500000000056e-01
1.111328124999999972e-01
1.156250000000000056e-01
1.134765625000000028e-01
1.147460937500000000e-01
1.149414062500000028e-01
1.116210937499999972e-01
1.110351562500000028e-01
1.154296875000000028e-01
1.106445312499999972e-01
1.138671874999999944e-01
1.160156249999999972e-01
1.140624999999999972e-01
1.108398437500000000e-01
1.171875000000000000e-01
1.139648437500000028e-01
1.158203124999999944e-01
1.191406250000000000e-01
1.156250000000000056e-01
1.149414062500000028e-01
1.163085937499999944e-01
1.152343750000000000e-01
1.166015625000000056e-01
1.149414062500000028e-01
1.148437499999999944e-01
1.195312500000000056e-01
1.143554687499999944e-01
1.179687499999999972e-01
1.161132812500000056e-01
1.084960937499999944e-01
1.175781250000000056e-01
1.161132812500000056e-01
1.175781250000000056e-01
1.201171875000000000e-01
1.158203124999999944e-01
1.153320312499999944e-01
1.115234375000000028e-01
1.197265624999999944e-01
1.105468750000000028e-01
1.206054687500000000e-01
1.159179687500000028e-01
1.162109375000000000e-01
1.144531250000000028e-01
1.168945312500000028e-01
1.107421875000000056e-01
1.215820312500000000e-01
1.170898437500000056e-01
1.102539062500000056e-01
1.139648437500000028e-01
1.174804687499999972e-01
1.205078125000000056e-01
1.135742187499999972e-01
1.118164062500000000e-01
1.159179687500000028e-01
1.144531250000000028e-01
1.224609375000000056e-01
1.198242187500000028e-01
1.215820312500000000e-01
1.200195312500000056e-01
1.232421875000000028e-01
1.233398437499999972e-01
1.156250000000000056e-01
1.165039062499999972e-01
1.184570312499999972e-01
1.191406250000000000e-01
1.172851562499999944e-01
1.158203124999999944e-01
1.186523437500000000e-01
1.189453124999999972e-01
1.190429687500000056e-01
1.208984374999999972e-01
1.208007812500000028e-01
1.187499999999999944e-01
1.216796874999999944e-01
1.250000000000000000e-01
1.179687499999999972e-01
1.204101562499999972e-01
1.149414062500000028e-01
1.226562499999999944e-01
1.210937500000000000e-01
1.120117187500000028e-01
1.231445312499999944e-01
1.162109375000000000e-01
1.177734374999999944e-01
1.174804687499999972e-01
1.177734374999999944e-01
1.185546875000000056e-01
1.197265624999999944e-01
1.257812500000000111e-01
1.174804687499999972e-01
1.189453124999999972e-01
1.231445312499999944e-01
1.253906250000000056e-01
1.243164062499999972e-01
1.197265624999999944e-01
1.249023437500000056e-01
1.226562499999999944e-01
1.218749999999999972e-01
1.213867187499999972e-01
1.226562499999999944e-01
1.212890625000000028e-01
1.215820312500000000e-01
1.210937500000000000e-01
1.192382812499999944e-01
1.156250000000000056e-01
1.234375000000000056e-01
1.248046874999999972e-01
1.160156249999999972e-01
1.188476562500000028e-01
1.146484375000000056e-01
1.256835937499999889e-01
1.175781250000000056e-01
1.132812500000000000e-01
1.181640625000000000e-01
1.197265624999999944e-01
1.240234375000000000e-01
1.241210937499999944e-01
1.234375000000000056e-01
1.182617187499999944e-01
1.176757812500000000e-01
1.256835937499999889e-01
1.239257812500000056e-01
1.252929687500000111e-01
1.206054687500000000e-01
1.220703125000000000e-01
1.155273437499999972e-01
1.177734374999999944e-01
1.202148437499999944e-01
1.216796874999999944e-01
1.257812500000000111e-01
1.188476562500000028e-01
1.276367187499999889e-01
1.204101562499999972e-01
1.258789062500000056e-01
1.198242187500000028e-01
1.206054687500000000e-01
1.272460937500000111e-01
1.241210937499999944e-01
1.232421875000000028e-01
1.236328124999999944e-01
1.176757812500000000e-01
1.200195312500000056e-01
1.265624999999999944e-01
1.220703125000000000e-01
1.254882812500000000e-01
1.159179687500000028e-01
1.208007812500000028e-01
1.168945312500000028e-01
1.229492187500000056e-01
1.176757812500000000e-01
1.186523437500000000e-01
1.228515624999999972e-01
1.153320312499999944e-01
1.186523437500000000e-01
1.194335937499999972e-01
1.265624999999999944e-01
1.214843750000000056e-01
1.213867187499999972e-01
1.225585937500000000e-01
1.139648437500000028e-01
1.181640625000000000e-01
1.191406250000000000e-01
1.235351562500000000e-01
1.224609375000000056e-01
1.167968749999999944e-01
1.176757812500000000e-01
1.224609375000000056e-01
1.140624999999999972e-01
1.263671875000000056e-01
1.169921874999999972e-01
1.185546875000000056e-01
1.197265624999999944e-01
1.203125000000000028e-01
1.222656250000000028e-01
1.189453124999999972e-01
1.185546875000000056e-01
1.243164062499999972e-01
1.214843750000000056e-01
1.196289062500000000e-01
1.171875000000000000e-01
1.161132812500000056e-01
1.227539062500000028e-01
1.136718750000000056e-01
1.172851562499999944e-01
1.206054687500000000e-01
1.170898437500000056e-01
1.145507812499999972e-01
1.204101562499999972e-01
1.153320312499999944e-01
1.179687499999999972e-01
1.121093749999999972e-01
1.139648437500000028e-01
1.159179687500000028e-01
1.168945312500000028e-01
1.113281250000000000e-01
1.203125000000000028e-01
1.161132812500000056e-01
1.148437499999999944e-01
1.193359375000000028e-01
1.146484375000000056e-01
1.244140625000000056e-01
1.125000000000000028e-01
1.181640625000000000e-01
1.124023437499999944e-01
1.146484375000000056e-01
1.150390624999999972e-01
1.147460937500000000e-01
1.208007812500000028e-01
1.167968749999999944e-01
1.181640625000000000e-01
1.166015625000000056e-01
1.142578125000000000e-01
1.190429687500000056e-01
1.172851562499999944e-01
1.147460937500000000e-01
1.155273437499999972e-01
1.188476562500000028e-01
1.224609375000000056e-01
1.157226562500000000e-01
1.120117187500000028e-01
1.126953125000000056e-01
1.087890625000000056e-01
1.190429687500000056e-01
1.125976562499999972e-01
1.164062500000000028e-01
1.133789062499999944e-01
1.137695312500000000e-01
1.159179687500000028e-01
1.132812500000000000e-01
1.170898437500000056e-01
1.177734374999999944e-01
1.175781250000000056e-01
1.104492187499999944e-01
1.186523437500000000e-01
1.194335937499999972e-01
1.092773437500000056e-01
1.136718750000000056e-01
1.173828125000000028e-01
1.147460937500000000e-01
1.104492187499999944e-01
1.124023437499999944e-01
1.129882812500000028e-01
1.163085937499999944e-01
1.193359375000000028e-01
1.219726562500000056e-01
1.181640625000000000e-01
1.160156249999999972e-01
1.115234375000000028e-01
1.201171875000000000e-01
1.108398437500000000e-01
1.159179687500000028e-01
1.122070312500000056e-01
1.134765625000000028e-01
1.093750000000000000e-01
1.085937500000000028e-01
1.157226562500000000e-01
1.094726562499999944e-01
1.126953125000000056e-01
1.123046875000000000e-01
1.158203124999999944e-01
1.166015625000000056e-01
1.168945312500000028e-01
1.171875000000000000e-01
1.202148437499999944e-01
1.150390624999999972e-01
1.177734374999999944e-01
1.098632812500000000e-01
1.147460937500000000e-01
1.127929687500000000e-01
1.090820312500000028e-01
1.149414062500000028e-01
1.158203124999999944e-01
1.110351562500000028e-01
1.107421875000000056e-01
1.199218749999999972e-01
1.129882812500000028e-01
1.121093749999999972e-01
1.165039062499999972e-01
1.150390624999999972e-01
1.190429687500000056e-01
1.127929687500000000e-01
1.158203124999999944e-01
1.189453124999999972e-01
1.150390624999999972e-01
1.152343750000000000e-01
1.207031249999999944e-01
1.138671874999999944e-01
1.127929687500000000e-01
1.130859374999999972e-01
1.211914062499999944e-01
1.177734374999999944e-01
1.143554687499999944e-01
1.134765625000000028e-01
1.068359375000000056e-01
1.122070312500000056e-01
1.206054687500000000e-01
1.220703125000000000e-01
1.188476562500000028e-01
1.124023437499999944e-01
1.139648437500000028e-01
1.193359375000000028e-01
1.227539062500000028e-01
1.189453124999999972e-01
1.258789062500000056e-01
1.147460937500000000e-01
1.154296875000000028e-01
1.152343750000000000e-01
1.201171875000000000e-01
1.121093749999999972e-01
1.159179687500000028e-01
1.126953125000000056e-01
1.230468750000000000e-01
1.162109375000000000e-01
1.162109375000000000e-01
1.243164062499999972e-01
1.233398437499999972e-01
1.163085937499999944e-01
1.207031249999999944e-01
1.168945312500000028e-01
1.231445312499999944e-01
1.183593750000000028e-01
1.206054687500000000e-01
1.168945312500000028e-01
1.218749999999999972e-01
1.288085937500000056e-01
1.234375000000000056e-01
1.215820312500000000e-01
1.256835937499999889e-01
1.249023437500000056e-01
1.217773437500000028e-01
1.291992187500000111e-01
1.212890625000000028e-01
1.247070312500000028e-01
1.224609375000000056e-01
1.282226562500000111e-01
1.228515624999999972e-01
1.197265624999999944e-01
1.271484374999999889e-01
1.272460937500000111e-01
1.239257812500000056e-01
1.288085937500000056e-01
1.311523437500000111e-01
1.261718749999999889e-01
1.293945312500000000e-01
1.229492187500000056e-01
1.246093749999999944e-01
1.243164062499999972e-01
1.274414062500000000e-01
1.312500000000000056e-01
1.195312500000000056e-01
1.348632812499999944e-01
1.282226562500000111e-01
1.309570312499999944e-01
1.322265625000000056e-01
1.280273437499999944e-01
1.302734375000000056e-01
1.291992187500000111e-01
1.342773437500000000e-01
1.337890625000000000e-01
1.349609374999999889e-01
1.339843749999999889e-01
1.343749999999999944e-01
1.330078124999999889e-01
1.349609374999999889e-01
1.291992187500000111e-01
1.319335937499999944e-01
1.353515624999999944e-01
1.331054687500000111e-01
1.261718749999999889e-01
1.316406250000000111e-01
1.396484375000000000e-01
1.356445312500000056e-01
1.354492187499999889e-01
1.359374999999999889e-01
1.358398437499999944e-01
1.382812499999999944e-01
1.413085937499999889e-01
1.333984374999999944e-01
1.338867187499999944e-01
1.377929687499999944e-01
1.362304687500000000e-01
1.401367187500000000e-01
1.348632812499999944e-01
1.353515624999999944e-01
1.368164062499999944e-01
1.338867187499999944e-01
1.331054687500000111e-01
1.350585937500000111e-01
1.381835937500000000e-01
1.375976562500000056e-01
1.273437500000000056e-01
1.377929687499999944e-01
1.408203124999999889e-01
1.340820312500000111e-01
1.354492187499999889e-01
1.347656250000000000e-01
1.385742187500000056e-01
1.356445312500000056e-01
1.383789062499999889e-01
1.380859375000000056e-01
1.365234375000000111e-01
1.359374999999999889e-01
1.328125000000000000e-01
1.389648437500000111e-01
1.419921875000000056e-01
1.438476562500000111e-01
1.367187500000000000e-01
1.326171875000000111e-01
1.355468750000000111e-01
1.374023437499999889e-01
1.400390625000000056e-01
1.308593750000000000e-01
1.375976562500000056e-01
1.363281249999999944e-01
1.327148437500000056e-01
1.369140624999999889e-01
1.300781249999999889e-01
1.262695312500000111e-01
1.344726562499999889e-01
1.316406250000000111e-01
1.388671874999999889e-01
1.351562500000000056e-01
1.344726562499999889e-01
1.397460937499999944e-01
1.341796875000000056e-01
1.353515624999999944e-01
1.352539062500000000e-01
1.335937500000000111e-01
1.362304687500000000e-01
1.273437500000000056e-01
1.323242187500000000e-01
1.291992187500000111e-01
1.326171875000000111e-01
1.327148437500000056e-01
1.314453124999999944e-01
1.275390624999999944e-01
1.291015624999999889e-01
1.257812500000000111e-01
1.286132812499999889e-01
1.275390624999999944e-01
1.253906250000000056e-01
1.237304687500000028e-01
1.252929687500000111e-01
1.284179687500000000e-01
1.201171875000000000e-01
1.198242187500000028e-01
1.254882812500000000e-01
1.172851562499999944e-01
1.236328124999999944e-01
1.205078125000000056e-01
1.226562499999999944e-01
1.153320312499999944e-01
1.335937500000000111e-01
1.268554687500000056e-01
1.182617187499999944e-01
1.180664062500000056e-01
1.198242187500000028e-01
1.238281249999999972e-01
1.156250000000000056e-01
1.161132812500000056e-01
1.163085937499999944e-01
1.179687499999999972e-01
1.195312500000000056e-01
1.155273437499999972e-01
1.123046875000000000e-01
1.136718750000000056e-01
1.159179687500000028e-01
1.179687499999999972e-01
1.142578125000000000e-01
1.140624999999999972e-01
1.123046875000000000e-01
1.113281250000000000e-01
1.084960937499999944e-01
1.174804687499999972e-01
1.064453125000000000e-01
1.042968749999999972e-01
1.044921875000000000e-01
1.067382812499999972e-01
1.041015624999999944e-01
1.032226562500000028e-01
9.990234374999999722e-02
1.000976562500000000e-01
1.074218750000000000e-01
1.047851562499999972e-01
9.990234374999999722e-02
9.980468750000000278e-02
9.746093749999999722e-02
1.002929687500000028e-01
9.570312500000000000e-02
9.121093750000000555e-02
9.453124999999999722e-02
9.521484375000000000e-02
9.218750000000000555e-02
8.906250000000000278e-02
9.306640624999999722e-02
8.925781250000000555e-02
1.004882812500000056e-01
9.042968749999999445e-02
8.906250000000000278e-02
8.632812500000000555e-02
8.583984375000000555e-02
8.701171874999999445e-02
8.466796875000000278e-02
7.910156250000000000e-02
8.359374999999999445e-02
8.105468750000000000e-02
7.871093749999999445e-02
8.115234374999999445e-02
7.773437499999999445e-02
7.841796874999999722e-02
7.724609374999999445e-02
7.636718750000000278e-02
7.539062500000000278e-02
7.548828124999999722e-02
8.007812500000000000e-02
7.314453125000000555e-02
7.226562500000000000e-02
7.294921875000000278e-02
6.972656250000000555e-02
6.796874999999999445e-02
6.855468750000000278e-02
6.621093749999999722e-02
6.259765624999999445e-02
6.728515625000000555e-02
6.445312500000000000e-02
6.074218750000000278e-02
5.908203125000000000e-02
5.986328124999999722e-02
6.298828125000000000e-02
6.210937500000000139e-02
6.035156249999999722e-02
5.576171875000000139e-02
5.625000000000000139e-02
6.132812499999999722e-02
5.478515625000000139e-02
5.634765625000000278e-02
5.361328124999999861e-02
5.419921875000000000e-02
5.400390624999999722e-02
4.980468750000000000e-02
5.126953125000000000e-02
5.292968750000000278e-02
4.394531250000000000e-02
4.707031250000000278e-02
4.687500000000000000e-02
4.345703125000000000e-02
4.160156250000000139e-02
4.140624999999999861e-02
4.228515624999999722e-02
4.072265625000000278e-02
3.886718749999999722e-02
3.994140624999999861e-02
3.935546874999999722e-02
4.199218750000000000e-02
3.554687499999999861e-02
3.671875000000000139e-02
3.427734375000000139e-02
3.320312500000000000e-02
3.593749999999999722e-02
3.339843750000000278e-02
3.203124999999999722e-02
3.466796875000000000e-02
3.164062499999999861e-02
2.988281250000000139e-02
2.685546875000000000e-02
2.929687500000000000e-02
2.705078124999999931e-02
2.607421874999999931e-02
2.363281249999999931e-02
2.548828125000000139e-02
2.539062500000000000e-02
2.363281249999999931e-02
2.324218750000000069e-02
2.187499999999999861e-02
2.089843749999999861e-02
2.021484374999999931e-02
2.128906250000000069e-02
1.816406250000000139e-02
1.777343749999999931e-02
1.572265625000000139e-02
1.669921875000000139e-02
1.708984375000000000e-02
1.542968750000000069e-02
1.621093750000000139e-02
1.513671875000000000e-02
1.318359375000000000e-02
1.474609374999999965e-02
1.181640624999999965e-02
1.044921874999999931e-02
9.960937499999999306e-03
9.082031250000000694e-03
1.044921874999999931e-02
1.083984374999999965e-02
8.398437499999999653e-03
7.812500000000000000e-03
7.128906249999999827e-03
7.617187499999999827e-03
0.000000000000000000e+00
0.000000000000000000e+00
0.000000000000000000e+00
0.000000000000000000e+00
0.000000000000000000e+00
0.000000000000000000e+00
0.000000000000000000e+00
0.000000000000000000e+00
0.000000000000000000e+00
0.000000000000000000e+00
0.000000000000000000e+00
0.000000000000000000e+00
0.000000000000000000e+00
0.000000000000000000e+00
0.000000000000000000e+00
0.000000000000000000e+00
0.000000000000000000e+00
0.000000000000000000e+00
0.000000000000000000e+00
0.000000000000000000e+00
0.000000000000000000e+00
0.000000000000000000e+00
0.000000000000000000e+00
0.000000000000000000e+00
0.000000000000000000e+00
