0.000000000000000000e+00
0.000000000000000000e+00
0.000000000000000000e+00
0.000000000000000000e+00
0.000000000000000000e+00
0.000000000000000000e+00
0.000000000000000000e+00
0.000000000000000000e+00
0.000000000000000000e+00
0.000000000000000000e+00
0.000000000000000000e+00
0.000000000000000000e+00
0.000000000000000000e+00
0.000000000000000000e+00
0.000000000000000000e+00
0.000000000000000000e+00
0.000000000000000000e+00
0.000000000000000000e+00
0.000000000000000000e+00
0.000000000000000000e+00
0.000000000000000000e+00
0.000000000000000000e+00
0.000000000000000000e+00
0.000000000000000000e+00
0.000000000000000000e+00
8.984374999999999306e-03
8.593750000000000694e-03
9.863281249999999653e-03
9.472656249999999306e-03
1.093749999999999931e-02
1.083984374999999965e-02
1.103515625000000069e-02
1.201171875000000069e-02
1.210937500000000035e-02
1.074218750000000000e-02
1.230468749999999965e-02
1.474609374999999965e-02
1.562500000000000000e-02
1.386718749999999931e-02
1.708984375000000000e-02
1.914062500000000139e-02
2.011718750000000139e-02
1.816406250000000139e-02
1.904296875000000000e-02
1.708984375000000000e-02
2.177734375000000069e-02
1.845703124999999861e-02
2.021484374999999931e-02
2.119140624999999931e-02
2.343750000000000000e-02
2.470703125000000069e-02
2.324218750000000069e-02
2.470703125000000069e-02
2.919921874999999861e-02
2.734375000000000000e-02
2.714843750000000069e-02
2.744140625000000139e-02
2.666015625000000069e-02
2.656249999999999931e-02
3.076171875000000000e-02
3.330078125000000139e-02
3.193359375000000278e-02
3.457031249999999861e-02
3.251953124999999722e-02
3.349609374999999722e-02
3.779296875000000278e-02
3.554687499999999861e-02
3.671875000000000139e-02
3.623046875000000139e-02
3.945312499999999861e-02
3.964843750000000139e-02
4.218750000000000278e-02
4.199218750000000000e-02
4.511718750000000278e-02
4.726562499999999861e-02
4.921874999999999861e-02
5.000000000000000278e-02
4.921874999999999861e-02
5.019531249999999861e-02
5.292968750000000278e-02
5.214843749999999861e-02
5.244140625000000278e-02
5.302734374999999722e-02
5.126953125000000000e-02
5.605468749999999861e-02
5.390625000000000278e-02
5.332031250000000139e-02
5.429687500000000139e-02
5.312499999999999861e-02
6.083984374999999722e-02
5.634765625000000278e-02
6.455078124999999445e-02
6.279296874999999722e-02
6.005859375000000000e-02
6.494140625000000000e-02
6.113281250000000139e-02
6.074218750000000278e-02
6.347656250000000000e-02
6.572265624999999722e-02
6.777343750000000555e-02
6.591796875000000000e-02
7.119140625000000555e-02
6.748046874999999445e-02
7.392578125000000278e-02
6.796874999999999445e-02
7.001953125000000278e-02
7.871093749999999445e-02
7.480468749999999445e-02
7.529296874999999445e-02
7.421875000000000000e-02
7.675781249999999445e-02
8.066406249999999445e-02
8.486328125000000555e-02
8.105468750000000000e-02
7.773437499999999445e-02
7.929687500000000278e-02
7.705078125000000555e-02
8.183593749999999722e-02
8.544921875000000000e-02
8.818359374999999722e-02
8.564453125000000278e-02
8.710937500000000278e-02
9.179687500000000000e-02
8.925781250000000555e-02
9.130859375000000000e-02
8.701171874999999445e-02
9.257812499999999722e-02
9.531249999999999445e-02
9.423828125000000000e-02
9.472656250000000000e-02
9.082031250000000000e-02
9.980468750000000278e-02
9.267578125000000555e-02
9.638671875000000278e-02
9.736328125000000278e-02
1.051757812500000028e-01
1.032226562500000028e-01
1.066406250000000028e-01
1.009765625000000056e-01
1.068359375000000056e-01
1.031249999999999944e-01
1.010742187500000000e-01
1.052734374999999972e-01
1.077148437499999972e-01
1.099609374999999944e-01
1.084960937499999944e-01
1.073242187500000056e-01
1.161132812500000056e-01
1.071289062500000028e-01
1.171875000000000000e-01
1.105468750000000028e-01
1.147460937500000000e-01
1.093750000000000000e-01
1.082031249999999972e-01
1.100585937500000028e-01
1.130859374999999972e-01
1.179687499999999972e-01
1.135742187499999972e-01
1.128906249999999944e-01
1.124023437499999944e-01
1.166992187500000000e-01
1.201171875000000000e-01
1.093750000000000000e-01
1.199218749999999972e-01
1.156250000000000056e-01
1.212890625000000028e-01
1.168945312500000028e-01
1.160156249999999972e-01
1.208984374999999972e-01
1.247070312500000028e-01
1.239257812500000056e-01
1.243164062499999972e-01
1.293945312500000000e-01
1.253906250000000056e-01
1.276367187499999889e-01
1.284179687500000000e-01
1.282226562500000111e-01
1.340820312500000111e-01
1.290039062499999944e-01
1.260742187499999944e-01
1.327148437500000056e-01
1.311523437500000111e-01
1.274414062500000000e-01
1.311523437500000111e-01
1.323242187500000000e-01
1.302734375000000056e-01
1.300781249999999889e-01
1.271484374999999889e-01
1.331054687500000111e-01
1.300781249999999889e-01
1.373046874999999944e-01
1.317382812500000056e-01
1.274414062500000000e-01
1.295898437499999889e-01
1.237304687500000028e-01
1.382812499999999944e-01
1.376953125000000000e-01
1.331054687500000111e-01
1.337890625000000000e-01
1.348632812499999944e-01
1.292968750000000056e-01
1.339843749999999889e-01
1.279296875000000000e-01
1.394531250000000111e-01
1.362304687500000000e-01
1.318359375000000000e-01
1.394531250000000111e-01
1.347656250000000000e-01
1.329101562499999944e-01
1.427734374999999889e-01
1.358398437499999944e-01
1.349609374999999889e-01
1.398437499999999889e-01
1.348632812499999944e-01
1.348632812499999944e-01
1.405273437500000056e-01
1.412109374999999944e-01
1.396484375000000000e-01
1.380859375000000056e-01
1.333984374999999944e-01
1.388671874999999889e-01
1.446289062499999944e-01
1.412109374999999944e-01
1.336914062500000056e-01
1.392578124999999944e-01
1.437499999999999889e-01
1.398437499999999889e-01
1.421874999999999944e-01
1.321289062500000111e-01
1.361328125000000056e-01
1.393554687499999889e-01
1.409179687500000111e-01
1.333007812500000000e-01
1.381835937500000000e-01
1.358398437499999944e-01
1.312500000000000056e-01
1.317382812500000056e-01
1.338867187499999944e-01
1.329101562499999944e-01
1.349609374999999889e-01
1.348632812499999944e-01
1.342773437500000000e-01
1.365234375000000111e-01
1.346679687500000056e-01
1.425781250000000000e-01
1.381835937500000000e-01
1.314453124999999944e-01
1.325195312499999889e-01
1.297851562500000056e-01
1.351562500000000056e-01
1.421874999999999944e-01
1.343749999999999944e-01
1.310546874999999889e-01
1.336914062500000056e-01
1.307617187500000056e-01
1.396484375000000000e-01
1.387695312499999944e-01
1.348632812499999944e-01
1.298828125000000000e-01
1.304687499999999944e-01
1.300781249999999889e-01
1.343749999999999944e-01
1.375976562500000056e-01
1.338867187499999944e-01
1.240234375000000000e-01
1.347656250000000000e-01
1.291992187500000111e-01
1.250000000000000000e-01
1.294921874999999944e-01
1.317382812500000056e-01
1.295898437499999889e-01
1.303710937500000000e-01
1.341796875000000056e-01
1.291992187500000111e-01
1.299804687499999944e-01
1.281249999999999889e-01
1.236328124999999944e-01
1.285156249999999944e-01
1.292968750000000056e-01
1.232421875000000028e-01
1.268554687500000056e-01
1.190429687500000056e-01
1.260742187499999944e-01
1.291015624999999889e-01
1.289062500000000000e-01
1.206054687500000000e-01
1.292968750000000056e-01
1.194335937499999972e-01
1.254882812500000000e-01
1.248046874999999972e-01
1.292968750000000056e-01
1.265624999999999944e-01
1.206054687500000000e-01
1.269531250000000000e-01
1.180664062500000056e-01
1.253906250000000056e-01
1.181640625000000000e-01
1.201171875000000000e-01
1.269531250000000000e-01
1.222656250000000028e-01
1.221679687499999944e-01
1.202148437499999944e-01
1.223632812499999972e-01
1.212890625000000028e-01
1.224609375000000056e-01
1.207031249999999944e-01
1.166015625000000056e-01
1.197265624999999944e-01
1.188476562500000028e-01
1.157226562500000000e-01
1.224609375000000056e-01
1.234375000000000056e-01
1.194335937499999972e-01
1.204101562499999972e-01
1.186523437500000000e-01
1.124023437499999944e-01
1.153320312499999944e-01
1.156250000000000056e-01
1.186523437500000000e-01
1.221679687499999944e-01
1.123046875000000000e-01
1.167968749999999944e-01
1.100585937500000028e-01
1.168945312500000028e-01
1.249023437500000056e-01
1.129882812500000028e-01
1.250000000000000000e-01
1.127929687500000000e-01
1.128906249999999944e-01
1.206054687500000000e-01
1.160156249999999972e-01
1.129882812500000028e-01
1.160156249999999972e-01
1.165039062499999972e-01
1.196289062500000000e-01
1.199218749999999972e-01
1.161132812500000056e-01
1.164062500000000028e-01
1.209960937500000056e-01
1.160156249999999972e-01
1.148437499999999944e-01
1.222656250000000028e-01
1.084960937499999944e-01
1.149414062500000028e-01
1.127929687500000000e-01
1.124023437499999944e-01
1.155273437499999972e-01
1.130859374999999972e-01
1.155273437499999972e-01
1.170898437500000056e-01
1.153320312499999944e-01
1.181640625000000000e-01
1.158203124999999944e-01
1.127929687500000000e-01
1.165039062499999972e-01
1.157226562500000000e-01
1.129882812500000028e-01
1.141601562500000056e-01
1.168945312500000028e-01
1.152343750000000000e-01
1.119140624999999944e-01
1.093750000000000000e-01
1.156250000000000056e-01
1.128906249999999944e-01
1.112304687500000056e-01
1.138671874999999944e-01
1.117187500000000056e-01
1.156250000000000056e-01
1.163085937499999944e-01
1.209960937500000056e-01
1.158203124999999944e-01
1.145507812499999972e-01
1.081054687500000028e-01
1.105468750000000028e-01
1.123046875000000000e-01
1.154296875000000028e-01
1.220703125000000000e-01
1.153320312499999944e-01
1.166992187500000000e-01
1.129882812500000028e-01
1.176757812500000000e-01
1.180664062500000056e-01
1.168945312500000028e-01
1.166992187500000000e-01
1.182617187499999944e-01
1.220703125000000000e-01
1.143554687499999944e-01
1.149414062500000028e-01
1.191406250000000000e-01
1.151367187500000056e-01
1.118164062500000000e-01
1.152343750000000000e-01
1.131835937500000056e-01
1.195312500000000056e-01
1.140624999999999972e-01
1.150390624999999972e-01
1.139648437500000028e-01
1.106445312499999972e-01
1.113281250000000000e-01
1.071289062500000028e-01
1.132812500000000000e-01
1.166015625000000056e-01
1.174804687499999972e-01
1.171875000000000000e-01
1.157226562500000000e-01
1.162109375000000000e-01
1.127929687500000000e-01
1.140624999999999972e-01
1.132812500000000000e-01
1.213867187499999972e-01
1.117187500000000056e-01
1.155273437499999972e-01
1.155273437499999972e-01
1.169921874999999972e-01
1.155273437499999972e-01
1.196289062500000000e-01
1.181640625000000000e-01
1.143554687499999944e-01
1.115234375000000028e-01
1.169921874999999972e-01
1.225585937500000000e-01
1.132812500000000000e-01
1.245117187500000000e-01
1.208007812500000028e-01
1.208007812500000028e-01
1.122070312500000056e-01
1.202148437499999944e-01
1.194335937499999972e-01
1.189453124999999972e-01
1.182617187499999944e-01
1.201171875000000000e-01
1.182617187499999944e-01
1.156250000000000056e-01
1.184570312499999972e-01
1.202148437499999944e-01
1.230468750000000000e-01
1.201171875000000000e-01
1.177734374999999944e-01
1.216796874999999944e-01
1.137695312500000000e-01
1.172851562499999944e-01
1.149414062500000028e-01
1.209960937500000056e-01
1.141601562500000056e-01
1.190429687500000056e-01
1.223632812499999972e-01
1.134765625000000028e-01
1.128906249999999944e-01
1.205078125000000056e-01
1.114257812499999944e-01
1.185546875000000056e-01
1.186523437500000000e-01
1.208984374999999972e-01
1.219726562500000056e-01
1.196289062500000000e-01
1.235351562500000000e-01
1.205078125000000056e-01
1.239257812500000056e-01
1.177734374999999944e-01
1.173828125000000028e-01
1.194335937499999972e-01
1.198242187500000028e-01
1.234375000000000056e-01
1.143554687499999944e-01
1.202148437499999944e-01
1.225585937500000000e-01
1.165039062499999972e-01
1.204101562499999972e-01
1.223632812499999972e-01
1.291015624999999889e-01
1.198242187500000028e-01
1.211914062499999944e-01
1.260742187499999944e-01
1.226562499999999944e-01
1.178710937500000028e-01
1.206054687500000000e-01
1.191406250000000000e-01
1.241210937499999944e-01
1.186523437500000000e-01
1.151367187500000056e-01
1.183593750000000028e-01
1.170898437500000056e-01
1.164062500000000028e-01
1.207031249999999944e-01
1.179687499999999972e-01
1.252929687500000111e-01
1.198242187500000028e-01
1.212890625000000028e-01
1.192382812499999944e-01
1.257812500000000111e-01
1.168945312500000028e-01
1.125976562499999972e-01
1.144531250000000028e-01
1.224609375000000056e-01
1.195312500000000056e-01
1.237304687500000028e-01
1.196289062500000000e-01
1.188476562500000028e-01
1.203125000000000028e-01
1.182617187499999944e-01
1.218749999999999972e-01
1.199218749999999972e-01
1.193359375000000028e-01
1.230468750000000000e-01
1.184570312499999972e-01
1.287109375000000111e-01
1.193359375000000028e-01
1.211914062499999944e-01
1.189453124999999972e-01
1.221679687499999944e-01
1.169921874999999972e-01
1.219726562500000056e-01
1.166992187500000000e-01
1.145507812499999972e-01
1.197265624999999944e-01
1.188476562500000028e-01
1.109374999999999944e-01
1.189453124999999972e-01
1.257812500000000111e-01
1.190429687500000056e-01
1.190429687500000056e-01
1.216796874999999944e-01
1.222656250000000028e-01
1.197265624999999944e-01
1.183593750000000028e-01
1.216796874999999944e-01
1.162109375000000000e-01
1.208007812500000028e-01
1.184570312499999972e-01
1.227539062500000028e-01
1.172851562499999944e-01
1.124023437499999944e-01
1.147460937500000000e-01
1.186523437500000000e-01
1.196289062500000000e-01
1.217773437500000028e-01
1.254882812500000000e-01
1.174804687499999972e-01
1.173828125000000028e-01
1.186523437500000000e-01
1.137695312500000000e-01
1.235351562500000000e-01
1.169921874999999972e-01
1.230468750000000000e-01
1.236328124999999944e-01
1.204101562499999972e-01
1.170898437500000056e-01
1.190429687500000056e-01
1.212890625000000028e-01
1.230468750000000000e-01
1.203125000000000028e-01
1.142578125000000000e-01
1.138671874999999944e-01
1.212890625000000028e-01
1.246093749999999944e-01
1.246093749999999944e-01
1.196289062500000000e-01
1.179687499999999972e-01
1.176757812500000000e-01
1.163085937499999944e-01
1.147460937500000000e-01
1.139648437500000028e-01
1.162109375000000000e-01
1.209960937500000056e-01
1.176757812500000000e-01
1.214843750000000056e-01
1.158203124999999944e-01
1.117187500000000056e-01
1.120117187500000028e-01
1.151367187500000056e-01
1.204101562499999972e-01
1.118164062500000000e-01
1.196289062500000000e-01
1.140624999999999972e-01
1.149414062500000028e-01
1.128906249999999944e-01
1.182617187499999944e-01
1.149414062500000028e-01
1.158203124999999944e-01
1.174804687499999972e-01
1.155273437499999972e-01
1.208984374999999972e-01
1.136718750000000056e-01
1.169921874999999972e-01
1.192382812499999944e-01
1.165039062499999972e-01
1.155273437499999972e-01
1.156250000000000056e-01
1.134765625000000028e-01
1.166015625000000056e-01
1.161132812500000056e-01
1.164062500000000028e-01
1.115234375000000028e-01
1.166015625000000056e-01
1.151367187500000056e-01
1.162109375000000000e-01
1.140624999999999972e-01
1.173828125000000028e-01
1.127929687500000000e-01
1.200195312500000056e-01
1.162109375000000000e-01
1.152343750000000000e-01
1.138671874999999944e-01
1.232421875000000028e-01
1.177734374999999944e-01
1.152343750000000000e-01
1.166992187500000000e-01
1.100585937500000028e-01
1.169921874999999972e-01
1.115234375000000028e-01
1.150390624999999972e-01
1.097656250000000056e-01
1.144531250000000028e-01
1.109374999999999944e-01
1.177734374999999944e-01
1.157226562500000000e-01
1.150390624999999972e-01
1.104492187499999944e-01
1.136718750000000056e-01
1.127929687500000000e-01
1.143554687499999944e-01
1.161132812500000056e-01
1.163085937499999944e-01
1.069335937500000000e-01
1.150390624999999972e-01
1.126953125000000056e-01
1.165039062499999972e-01
1.124023437499999944e-01
1.131835937500000056e-01
1.121093749999999972e-01
1.150390624999999972e-01
1.106445312499999972e-01
1.109374999999999944e-01
1.152343750000000000e-01
1.124023437499999944e-01
1.208007812500000028e-01
1.193359375000000028e-01
1.162109375000000000e-01
1.169921874999999972e-01
1.121093749999999972e-01
1.114257812499999944e-01
1.135742187499999972e-01
1.089843749999999944e-01
1.132812500000000000e-01
1.189453124999999972e-01
1.105468750000000028e-01
1.151367187500000056e-01
1.165039062499999972e-01
1.183593750000000028e-01
1.215820312500000000e-01
1.153320312499999944e-01
1.131835937500000056e-01
1.077148437499999972e-01
1.212890625000000028e-01
1.144531250000000028e-01
1.144531250000000028e-01
1.108398437500000000e-01
1.101562499999999972e-01
1.156250000000000056e-01
1.131835937500000056e-01
1.107421875000000056e-01
1.118164062500000000e-01
1.189453124999999972e-01
1.160156249999999972e-01
1.130859374999999972e-01
1.142578125000000000e-01
1.121093749999999972e-01
1.135742187499999972e-01
1.133789062499999944e-01
1.130859374999999972e-01
1.171875000000000000e-01
1.163085937499999944e-01
1.140624999999999972e-01
1.156250000000000056e-01
1.167968749999999944e-01
1.169921874999999972e-01
1.141601562500000056e-01
1.119140624999999944e-01
1.190429687500000056e-01
1.121093749999999972e-01
1.224609375000000056e-01
1.214843750000000056e-01
1.173828125000000028e-01
1.197265624999999944e-01
1.185546875000000056e-01
1.231445312499999944e-01
1.138671874999999944e-01
1.139648437500000028e-01
1.284179687500000000e-01
1.186523437500000000e-01
1.216796874999999944e-01
1.287109375000000111e-01
1.216796874999999944e-01
1.241210937499999944e-01
1.179687499999999972e-01
1.213867187499999972e-01
1.213867187499999972e-01
1.208007812500000028e-01
1.125976562499999972e-01
1.198242187500000028e-01
1.237304687500000028e-01
1.221679687499999944e-01
1.213867187499999972e-01
1.230468750000000000e-01
1.207031249999999944e-01
1.207031249999999944e-01
1.299804687499999944e-01
1.214843750000000056e-01
1.193359375000000028e-01
1.274414062500000000e-01
1.236328124999999944e-01
1.292968750000000056e-01
1.262695312500000111e-01
1.256835937499999889e-01
1.223632812499999972e-01
1.248046874999999972e-01
1.251953124999999889e-01
1.246093749999999944e-01
1.300781249999999889e-01
1.281249999999999889e-01
1.176757812500000000e-01
1.292968750000000056e-01
1.268554687500000056e-01
1.315429687499999889e-01
1.291015624999999889e-01
1.280273437499999944e-01
1.283203125000000056e-01
1.267578125000000111e-01
1.273437500000000056e-01
1.275390624999999944e-01
1.271484374999999889e-01
1.303710937500000000e-01
1.304687499999999944e-01
1.340820312500000111e-01
1.329101562499999944e-01
1.307617187500000056e-01
1.364257812499999889e-01
1.354492187499999889e-01
1.346679687500000056e-01
1.288085937500000056e-01
1.298828125000000000e-01
1.345703125000000111e-01
1.267578125000000111e-01
1.280273437499999944e-01
1.302734375000000056e-01
1.286132812499999889e-01
1.347656250000000000e-01
1.309570312499999944e-01
1.406250000000000000e-01
1.354492187499999889e-01
1.311523437500000111e-01
1.393554687499999889e-01
1.302734375000000056e-01
1.337890625000000000e-01
1.316406250000000111e-01
1.314453124999999944e-01
1.371093750000000056e-01
1.342773437500000000e-01
1.334960937499999889e-01
1.355468750000000111e-01
1.329101562499999944e-01
1.397460937499999944e-01
1.309570312499999944e-01
1.387695312499999944e-01
1.358398437499999944e-01
1.408203124999999889e-01
1.388671874999999889e-01
1.377929687499999944e-01
1.327148437500000056e-01
1.376953125000000000e-01
1.364257812499999889e-01
1.357421875000000000e-01
1.397460937499999944e-01
1.409179687500000111e-01
1.383789062499999889e-01
1.374023437499999889e-01
1.395507812500000056e-01
1.376953125000000000e-01
1.339843749999999889e-01
1.348632812499999944e-01
1.365234375000000111e-01
1.381835937500000000e-01
1.395507812500000056e-01
1.337890625000000000e-01
1.335937500000000111e-01
1.420898437500000000e-01
1.364257812499999889e-01
1.356445312500000056e-01
1.399414062500000111e-01
1.433593750000000111e-01
1.413085937499999889e-01
1.340820312500000111e-01
1.310546874999999889e-01
1.342773437500000000e-01
1.358398437499999944e-01
1.323242187500000000e-01
1.370117187500000111e-01
1.375000000000000111e-01
1.273437500000000056e-01
1.352539062500000000e-01
1.423828125000000111e-01
1.361328125000000056e-01
1.339843749999999889e-01
1.273437500000000056e-01
1.337890625000000000e-01
1.312500000000000056e-01
1.389648437500000111e-01
1.317382812500000056e-01
1.349609374999999889e-01
1.317382812500000056e-01
1.335937500000000111e-01
1.272460937500000111e-01
1.229492187500000056e-01
1.313476562500000000e-01
1.312500000000000056e-01
1.287109375000000111e-01
1.340820312500000111e-01
1.318359375000000000e-01
1.325195312499999889e-01
1.278320312500000056e-01
1.274414062500000000e-01
1.302734375000000056e-01
1.241210937499999944e-01
1.266601562499999889e-01
1.273437500000000056e-01
1.299804687499999944e-01
1.183593750000000028e-01
1.208984374999999972e-01
1.201171875000000000e-01
1.237304687500000028e-01
1.213867187499999972e-01
1.214843750000000056e-01
1.271484374999999889e-01
1.195312500000000056e-01
1.211914062499999944e-01
1.167968749999999944e-01
1.191406250000000000e-01
1.205078125000000056e-01
1.167968749999999944e-01
1.242187500000000028e-01
1.159179687500000028e-01
1.186523437500000000e-01
1.237304687500000028e-01
1.177734374999999944e-01
1.127929687500000000e-01
1.131835937500000056e-01
1.095703125000000028e-01
1.148437499999999944e-01
1.080078124999999944e-01
1.138671874999999944e-01
1.063476562500000056e-01
1.099609374999999944e-01
1.102539062500000056e-01
1.083984375000000000e-01
1.069335937500000000e-01
1.069335937500000000e-01
1.043945312500000056e-01
9.560546875000000555e-02
9.941406249999999722e-02
1.103515625000000000e-01
1.104492187499999944e-01
1.000976562500000000e-01
1.035156250000000000e-01
9.921874999999999445e-02
9.882812500000000278e-02
9.589843750000000278e-02
9.980468750000000278e-02
9.462890625000000555e-02
9.501953124999999722e-02
9.472656250000000000e-02
9.726562499999999445e-02
9.365234375000000555e-02
8.720703124999999722e-02
9.277343750000000000e-02
9.394531250000000278e-02
9.013671874999999722e-02
8.398437500000000000e-02
9.775390624999999445e-02
8.671874999999999722e-02
8.828125000000000555e-02
8.720703124999999722e-02
8.554687499999999445e-02
8.984375000000000000e-02
8.525390624999999722e-02
8.398437500000000000e-02
7.988281249999999722e-02
8.222656250000000278e-02
7.958984375000000000e-02
7.841796874999999722e-02
8.144531250000000555e-02
7.802734375000000555e-02
7.626953124999999445e-02
7.607421875000000555e-02
7.587890625000000278e-02
7.343750000000000278e-02
7.148437500000000278e-02
7.138671874999999445e-02
7.089843749999999445e-02
7.353515624999999722e-02
6.982421875000000000e-02
6.708984375000000278e-02
7.207031249999999722e-02
5.986328124999999722e-02
6.025390625000000278e-02
6.132812499999999722e-02
5.947265624999999861e-02
6.494140625000000000e-02
5.927734375000000278e-02
5.400390624999999722e-02
5.703124999999999861e-02
5.791015624999999722e-02
5.371093750000000000e-02
5.253906249999999722e-02
5.195312500000000278e-02
5.126953125000000000e-02
5.253906249999999722e-02
4.931640625000000000e-02
5.146484375000000278e-02
4.843750000000000139e-02
5.146484375000000278e-02
4.482421874999999861e-02
4.580078124999999861e-02
4.912109374999999722e-02
4.580078124999999861e-02
4.863281249999999722e-02
4.374999999999999722e-02
4.062500000000000139e-02
3.906250000000000000e-02
3.828125000000000278e-02
3.876953125000000278e-02
3.896484374999999861e-02
4.140624999999999861e-02
3.564453125000000000e-02
3.544921874999999722e-02
3.779296875000000278e-02
3.505859374999999861e-02
3.398437499999999722e-02
3.212890624999999861e-02
3.212890624999999861e-02
3.066406249999999861e-02
2.929687500000000000e-02
3.007812500000000069e-02
2.812500000000000069e-02
2.705078124999999931e-02
2.666015625000000069e-02
2.490234375000000000e-02
2.519531250000000069e-02
2.451171875000000139e-02
2.363281249999999931e-02
2.138671874999999861e-02
2.314453124999999931e-02
2.050781250000000000e-02
2.265624999999999931e-02
2.001953125000000000e-02
1.845703124999999861e-02
1.728515624999999931e-02
1.806640625000000000e-02
1.591796875000000069e-02
1.767578125000000139e-02
1.835937500000000069e-02
1.376953124999999965e-02
1.367187500000000000e-02
1.367187500000000000e-02
1.171875000000000000e-02
1.347656250000000069e-02
1.220703125000000000e-02
1.201171875000000069e-02
1.093749999999999931e-02
1.103515625000000069e-02
1.191406249999999931e-02
7.714843750000000347e-03
9.472656249999999306e-03
8.886718749999999653e-03
7.421874999999999653e-03
8.691406250000000347e-03
0.000000000000000000e+00
0.000000000000000000e+00
0.000000000000000000e+00
0.000000000000000000e+00
0.000000000000000000e+00
0.000000000000000000e+00
0.000000000000000000e+00
0.000000000000000000e+00
0.000000000000000000e+00
0.000000000000000000e+00
0.000000000000000000e+00
0.000000000000000000e+00
0.000000000000000000e+00
0.000000000000000000e+00
0.000000000000000000e+00
0.000000000000000000e+00
0.000000000000000000e+00
0.000000000000000000e+00
0.000000000000000000e+00
0.000000000000000000e+00
0.000000000000000000e+00
0.000000000000000000e+00
0.000000000000000000e+00
0.000000000000000000e+00
0.000000000000000000e+00
