2.185324406777185757e+00
2.194940038543291561e+00
2.172934286334723186e+00
2.182028947439729194e+00
2.173615841409457072e+00
2.178093044909593434e+00
2.173114236441888725e+00
2.173929934896659866e+00
2.181485923645638092e+00
2.201567523995843878e+00
2.176747009801417665e+00
2.177699960343356445e+00
2.174947386924977355e+00
2.162939600433217091e+00
2.178413241431917058e+00
2.174032071630319418e+00
2.180665612298977596e+00
2.176868400557891547e+00
2.185390732426175653e+00
2.182496423492561455e+00
2.191364339551085560e+00
2.182063669819445995e+00
2.191430451513643352e+00
2.168706598289584342e+00
2.180928204363085765e+00
2.176223448077805767e+00
2.172549589446607587e+00
2.169605889888129191e+00
2.185418564270587893e+00
2.168111354598401430e+00
2.178771814515649385e+00
2.173594778531079186e+00
2.175279360720956401e+00
2.186898504203139915e+00
2.187735105089169352e+00
2.183999238038224266e+00
2.177172416884104234e+00
2.178117148607864983e+00
2.164651180744345815e+00
2.190241701569799027e+00
2.181733958906569626e+00
2.170855258232228469e+00
2.175955115364174741e+00
2.187142510796622918e+00
2.175664655840974238e+00
2.164183052142322872e+00
2.177197631815339207e+00
2.175569857310318156e+00
2.166100880194734568e+00
2.189355510078287992e+00
2.187358942195007483e+00
2.177362166861182668e+00
2.175435978990965413e+00
2.187794732295799793e+00
2.184590029860998595e+00
2.184667234146359771e+00
2.172430574900609646e+00
2.195094173481951572e+00
2.178743039730590247e+00
2.176717646997844646e+00
2.197734358311380642e+00
2.173521835862836316e+00
2.189459346877641099e+00
2.186861234892998773e+00
