0.000000000000000000e+00
0.000000000000000000e+00
0.000000000000000000e+00
0.000000000000000000e+00
0.000000000000000000e+00
0.000000000000000000e+00
0.000000000000000000e+00
0.000000000000000000e+00
0.000000000000000000e+00
0.000000000000000000e+00
1.573281249999999853e-02
1.792656249999999979e-02
1.908750000000000030e-02
2.152968749999999848e-02
2.347812499999999900e-02
2.562656249999999830e-02
2.767656250000000151e-02
3.018281249999999957e-02
3.181718750000000345e-02
3.440624999999999933e-02
3.679843750000000302e-02
3.842500000000000082e-02
3.943437500000000068e-02
4.116562499999999736e-02
4.065781250000000124e-02
3.972343750000000007e-02
4.154999999999999666e-02
4.234531250000000274e-02
4.347031249999999680e-02
4.591406249999999828e-02
4.601562499999999750e-02
4.662812499999999943e-02
4.748437500000000228e-02
4.766875000000000279e-02
4.763437499999999963e-02
4.734374999999999695e-02
4.714999999999999747e-02
4.697500000000000286e-02
4.692343749999999813e-02
4.583437499999999665e-02
4.508906249999999893e-02
4.084843750000000107e-02
3.748125000000000068e-02
3.553593750000000329e-02
3.419531249999999828e-02
3.217968749999999822e-02
3.011718749999999986e-02
2.876874999999999918e-02
2.742968750000000094e-02
2.617968749999999983e-02
2.438749999999999946e-02
2.330937500000000023e-02
2.202968749999999892e-02
2.115156249999999849e-02
2.051406249999999931e-02
1.515000000000000027e-02
1.409531250000000020e-02
1.360781250000000012e-02
1.335000000000000075e-02
1.314687500000000057e-02
1.263749999999999943e-02
1.235312499999999952e-02
1.153281249999999966e-02
1.108281250000000065e-02
1.094999999999999966e-02
1.096562499999999968e-02
1.162187500000000026e-02
2.028281250000000049e-02
2.048437499999999911e-02
2.036406249999999848e-02
1.990312500000000068e-02
1.974843750000000037e-02
1.915312500000000001e-02
1.860781250000000109e-02
1.799374999999999933e-02
2.174843749999999867e-02
3.136406249999999785e-02
2.861718749999999853e-02
2.627031250000000026e-02
2.408906250000000110e-02
2.162968750000000134e-02
1.992187499999999861e-02
2.322343749999999929e-02
3.263593749999999655e-02
2.986406249999999998e-02
2.917499999999999954e-02
2.890468750000000156e-02
2.762500000000000025e-02
2.607656250000000078e-02
2.526093750000000041e-02
2.448124999999999954e-02
2.304531250000000156e-02
2.220781250000000012e-02
2.105624999999999858e-02
2.079374999999999973e-02
1.979531249999999867e-02
1.850937500000000152e-02
1.727656249999999852e-02
1.605156250000000159e-02
1.499531249999999996e-02
1.397499999999999958e-02
1.278593750000000043e-02
1.165000000000000063e-02
9.776562500000000530e-03
1.342187499999999978e-02
1.338750000000000009e-02
1.169218749999999946e-02
1.046875000000000062e-02
9.604687500000000377e-03
8.692187500000000261e-03
0.000000000000000000e+00
0.000000000000000000e+00
0.000000000000000000e+00
0.000000000000000000e+00
0.000000000000000000e+00
0.000000000000000000e+00
0.000000000000000000e+00
0.000000000000000000e+00
0.000000000000000000e+00
0.000000000000000000e+00
