-0.000000000000000000e+00
-0.000000000000000000e+00
-0.000000000000000000e+00
-0.000000000000000000e+00
-0.000000000000000000e+00
-0.000000000000000000e+00
-0.000000000000000000e+00
-0.000000000000000000e+00
-0.000000000000000000e+00
-0.000000000000000000e+00
7.223543808464775395e+00
7.041204050943713710e+00
6.928932533286579876e+00
6.783577875213397945e+00
6.602306019462473863e+00
6.510624771965235702e+00
6.374405867761482547e+00
6.229207903970354288e+00
6.074333110634428934e+00
5.976117766461895187e+00
5.878778741239663930e+00
5.789054376451640671e+00
5.710718214903238277e+00
5.654909025869230277e+00
5.702087872817543257e+00
5.710023126504426116e+00
5.669361833193629074e+00
5.558872047230947189e+00
5.516860986700701019e+00
5.434707364066054147e+00
5.377507651085458029e+00
5.283058202224258260e+00
5.216578821102435981e+00
5.164410821683883768e+00
5.154213472684092245e+00
5.099226293426950107e+00
5.071421698797533573e+00
5.085386693335305353e+00
5.091632361084454494e+00
5.136457401520284627e+00
5.208300872988712804e+00
5.500357238829579387e+00
5.773747111248145991e+00
6.005111965959328835e+00
6.234161030939158188e+00
6.484822388728439968e+00
6.707297121219397695e+00
6.987490992731219208e+00
7.274945516407555601e+00
7.520133946690092053e+00
7.797519613396350024e+00
8.016286069566861627e+00
8.228061572082031816e+00
8.455717997752584481e+00
8.675386582857163020e+00
1.023713855092778324e+01
1.043290567452704387e+01
1.039765773690517925e+01
1.048746067020671546e+01
1.063214901559493697e+01
1.075986126275163812e+01
1.088466972291752377e+01
1.097582784755099183e+01
1.087891222087655585e+01
1.086743123591290683e+01
1.079224212722834508e+01
9.976125860709702309e+00
7.589717265235526256e+00
7.411253635585015154e+00
7.311760171903727290e+00
7.199821256109497192e+00
7.113429117090863230e+00
7.088911402788308003e+00
7.125610247596724456e+00
7.200092679203762280e+00
5.939832970497602282e+00
5.036825663557761956e+00
5.389836522703166821e+00
5.768292755134853955e+00
6.179344456550175835e+00
6.645377602643113946e+00
7.088504634538383975e+00
6.335065543088630236e+00
5.557750017199599490e+00
5.878883818259280858e+00
6.069546845084745179e+00
6.234550372339400681e+00
6.355102432036419557e+00
6.559972728123098840e+00
6.656027539727408460e+00
6.828809023436684278e+00
7.063915369126658739e+00
7.282084716950066650e+00
7.393962411354739750e+00
7.496407193594791352e+00
7.544687150333588832e+00
7.721864333143465764e+00
7.870680149014158467e+00
7.997380282053467404e+00
8.014073173278998041e+00
8.050190049813149784e+00
8.055321354079167051e+00
8.081936488825808951e+00
8.211160985994878203e+00
6.081449536775783038e+00
5.741741053202851219e+00
5.688272148605544309e+00
5.709208396098418348e+00
5.683980539567755841e+00
5.771364050899284948e+00
-0.000000000000000000e+00
-0.000000000000000000e+00
-0.000000000000000000e+00
-0.000000000000000000e+00
-0.000000000000000000e+00
-0.000000000000000000e+00
-0.000000000000000000e+00
-0.000000000000000000e+00
-0.000000000000000000e+00
-0.000000000000000000e+00
