0.000000000000000000e+00
0.000000000000000000e+00
0.000000000000000000e+00
0.000000000000000000e+00
0.000000000000000000e+00
0.000000000000000000e+00
0.000000000000000000e+00
0.000000000000000000e+00
0.000000000000000000e+00
0.000000000000000000e+00
1.534843749999999923e-02
1.713906249999999978e-02
1.895468750000000105e-02
2.095624999999999918e-02
2.322187499999999946e-02
2.502499999999999863e-02
2.740625000000000006e-02
2.988906250000000070e-02
3.179218749999999927e-02
3.350937500000000097e-02
3.545468749999999836e-02
3.767187500000000050e-02
3.909062499999999690e-02
4.050781249999999695e-02
4.059843750000000084e-02
3.964218750000000208e-02
4.124218749999999933e-02
4.236406250000000068e-02
4.382343749999999954e-02
4.501249999999999696e-02
4.627968749999999964e-02
4.634375000000000300e-02
4.677968750000000009e-02
4.726093750000000260e-02
4.768437500000000107e-02
4.752343750000000144e-02
4.746406250000000104e-02
4.734531250000000024e-02
4.627968749999999964e-02
4.562499999999999889e-02
4.445937500000000236e-02
4.102968750000000192e-02
3.751874999999999655e-02
3.542343750000000180e-02
3.394687500000000135e-02
3.191406249999999972e-02
2.998593750000000044e-02
2.815781250000000055e-02
2.657187499999999827e-02
2.601875000000000021e-02
2.439374999999999877e-02
2.323593750000000138e-02
2.242656250000000032e-02
2.146875000000000172e-02
2.092968749999999864e-02
1.511562500000000059e-02
1.442343750000000049e-02
1.410312499999999934e-02
1.347031249999999965e-02
1.314062499999999953e-02
1.300312500000000079e-02
1.208281249999999980e-02
1.176718749999999987e-02
1.156874999999999917e-02
1.117968750000000039e-02
1.100156249999999919e-02
1.167499999999999961e-02
2.043125000000000149e-02
2.040468750000000095e-02
2.060156250000000008e-02
1.980625000000000094e-02
1.968125000000000083e-02
1.893281249999999999e-02
1.860468750000000143e-02
1.753750000000000100e-02
2.182187500000000099e-02
3.072187499999999918e-02
2.894218750000000090e-02
2.640937499999999882e-02
2.400468749999999998e-02
2.178750000000000131e-02
2.016093750000000004e-02
2.276562500000000114e-02
3.224843749999999759e-02
3.004062500000000135e-02
2.961093750000000011e-02
2.862187500000000148e-02
2.752812500000000051e-02
2.638750000000000123e-02
2.579062500000000105e-02
2.441406250000000000e-02
2.287656249999999933e-02
2.193437499999999901e-02
2.084687500000000082e-02
2.049375000000000155e-02
1.971406250000000068e-02
1.826875000000000027e-02
1.717656249999999912e-02
1.606093750000000056e-02
1.506875000000000055e-02
1.363593750000000049e-02
1.268281249999999964e-02
1.158906250000000041e-02
9.862499999999999739e-03
1.328124999999999965e-02
1.360468750000000046e-02
1.197343749999999971e-02
1.095156249999999949e-02
9.398437500000000541e-03
8.699999999999999400e-03
0.000000000000000000e+00
0.000000000000000000e+00
0.000000000000000000e+00
0.000000000000000000e+00
0.000000000000000000e+00
0.000000000000000000e+00
0.000000000000000000e+00
0.000000000000000000e+00
0.000000000000000000e+00
0.000000000000000000e+00
