-0.000000000000000000e+00
-0.000000000000000000e+00
-0.000000000000000000e+00
-0.000000000000000000e+00
-0.000000000000000000e+00
-0.000000000000000000e+00
-0.000000000000000000e+00
-0.000000000000000000e+00
-0.000000000000000000e+00
-0.000000000000000000e+00
7.155914299895460573e+00
7.036355681438067222e+00
6.869941213476176145e+00
6.740448318869586508e+00
6.583282933319735797e+00
6.453849410504610695e+00
6.338724249055023741e+00
6.184369494183663996e+00
6.076066284927110317e+00
5.963807663432032946e+00
5.889924617358907710e+00
5.749231389798443281e+00
5.672945633127310039e+00
5.604230072076103575e+00
5.647460532473432160e+00
5.707405740697311103e+00
5.629779556490171366e+00
5.566668299136491527e+00
5.478604053738854063e+00
5.435242301635064166e+00
5.341367133104752973e+00
5.293393382329020902e+00
5.188426405091613347e+00
5.158963495781555331e+00
5.099453358024884864e+00
5.063223716107523309e+00
5.027573688831907361e+00
5.022028611602884496e+00
5.053445211613940558e+00
5.122652729223129420e+00
5.189490019883600702e+00
5.482917602150014780e+00
5.754229316753933787e+00
5.970056795375316305e+00
6.218412502742408421e+00
6.466449882083693090e+00
6.697768642241889836e+00
6.999318834243232423e+00
7.244399517525913268e+00
7.529926146927989450e+00
7.737634643702597792e+00
7.986433585106158084e+00
8.205480949830498361e+00
8.446383850332427556e+00
8.675239447311479779e+00
1.017675422034568733e+01
1.040949255035629228e+01
1.038393260136275487e+01
1.045114978273759654e+01
1.058388237948252097e+01
1.076695959485715548e+01
1.083654050398919999e+01
1.096603547025277514e+01
1.090221571888414154e+01
1.085256952963466759e+01
1.077964442195045791e+01
9.967671448952353686e+00
7.570105811851152389e+00
7.425739363323908826e+00
7.299035068286190864e+00
7.202172620509768031e+00
7.118894619729386086e+00
7.101991371293474131e+00
7.135479835398886195e+00
7.184840749387841896e+00
5.899491117653779426e+00
5.031415423367241679e+00
5.385501686736582805e+00
5.805618611451293987e+00
6.208277571407355921e+00
6.628331666346302775e+00
7.076200883944762765e+00
6.341386974935005583e+00
5.536307626370537527e+00
5.896989165301230962e+00
6.051669162768226862e+00
6.216316604745801833e+00
6.350851056172699849e+00
6.518258234636856940e+00
6.653250496751359933e+00
6.862980764151496160e+00
7.069461375981807905e+00
7.279743756175689917e+00
7.403838207149299855e+00
7.504347755146335786e+00
7.547270970572199644e+00
7.706508347058146136e+00
7.892938969702894880e+00
7.985066359412164694e+00
8.005844829290563069e+00
8.021368388694719798e+00
8.063458179095190914e+00
8.042556336686601526e+00
8.201378733358305695e+00
6.015606956208114475e+00
5.650652174626757507e+00
5.690099030662998381e+00
5.670629094293858863e+00
5.749887611831630885e+00
5.715495191425751464e+00
-0.000000000000000000e+00
-0.000000000000000000e+00
-0.000000000000000000e+00
-0.000000000000000000e+00
-0.000000000000000000e+00
-0.000000000000000000e+00
-0.000000000000000000e+00
-0.000000000000000000e+00
-0.000000000000000000e+00
-0.000000000000000000e+00
